/*---------------------------------------------------------------------------*\
| =========                 |                                                 |
| \\      /  F ield         | OpenFOAM: The Open Source CFD Toolbox           |
|  \\    /   O peration     | Version:  1.3                                   |
|   \\  /    A nd           | Web:      http://www.openfoam.org               |
|    \\/     M anipulation  |                                                 |
\*---------------------------------------------------------------------------*/

FoamFile
{
    version 2.0;
    format ascii;

    root "/home/bselma/OpenFOAM/bselma-1.3/run/tutorials/twoPhaseEulerFoam";
    case "Ranade_column90_0.14_6144";
    instance ""constant"";
    local "polyMesh";

    class labelList;

    note "nCells:6144 nActiveFaces:20416 nActivePoints:8245";

    object neighbour;
}

// * * * * * * * * * * * * * * * * * * * * * * * * * * * * * * * * * * * * * //


20416
(
1
96
1536
2
97
1537
3
98
1538
4
99
1539
5
100
1540
6
101
1541
7
102
1542
8
103
1543
9
104
1544
10
105
1545
11
106
1546
12
107
1547
13
108
1548
14
109
1549
15
110
1550
16
111
1551
17
112
1552
18
113
1553
19
114
1554
20
115
1555
21
116
1556
22
117
1557
23
118
1558
24
119
1559
25
120
1560
26
121
1561
27
122
1562
28
123
1563
29
124
1564
30
125
1565
31
126
1566
32
127
1567
33
128
1568
34
129
1569
35
130
1570
36
131
1571
37
132
1572
38
133
1573
39
134
1574
40
135
1575
41
136
1576
42
137
1577
43
138
1578
44
139
1579
45
140
1580
46
141
1581
47
142
1582
48
143
1583
49
144
1584
50
145
1585
51
146
1586
52
147
1587
53
148
1588
54
149
1589
55
150
1590
56
151
1591
57
152
1592
58
153
1593
59
154
1594
60
155
1595
61
156
1596
62
157
1597
63
158
1598
64
159
1599
65
160
1600
66
161
1601
67
162
1602
68
163
1603
69
164
1604
70
165
1605
71
166
1606
72
167
1607
73
168
1608
74
169
1609
75
170
1610
76
171
1611
77
172
1612
78
173
1613
79
174
1614
80
175
1615
81
176
1616
82
177
1617
83
178
1618
84
179
1619
85
180
1620
86
181
1621
87
182
1622
88
183
1623
89
184
1624
90
185
1625
91
186
1626
92
187
1627
93
188
1628
94
189
1629
95
190
1630
191
1631
97
192
1632
98
193
1633
99
194
1634
100
195
1635
101
196
1636
102
197
1637
103
198
1638
104
199
1639
105
200
1640
106
201
1641
107
202
1642
108
203
1643
109
204
1644
110
205
1645
111
206
1646
112
207
1647
113
208
1648
114
209
1649
115
210
1650
116
211
1651
117
212
1652
118
213
1653
119
214
1654
120
215
1655
121
216
1656
122
217
1657
123
218
1658
124
219
1659
125
220
1660
126
221
1661
127
222
1662
128
223
1663
129
224
1664
130
225
1665
131
226
1666
132
227
1667
133
228
1668
134
229
1669
135
230
1670
136
231
1671
137
232
1672
138
233
1673
139
234
1674
140
235
1675
141
236
1676
142
237
1677
143
238
1678
144
239
1679
145
240
1680
146
241
1681
147
242
1682
148
243
1683
149
244
1684
150
245
1685
151
246
1686
152
247
1687
153
248
1688
154
249
1689
155
250
1690
156
251
1691
157
252
1692
158
253
1693
159
254
1694
160
255
1695
161
256
1696
162
257
1697
163
258
1698
164
259
1699
165
260
1700
166
261
1701
167
262
1702
168
263
1703
169
264
1704
170
265
1705
171
266
1706
172
267
1707
173
268
1708
174
269
1709
175
270
1710
176
271
1711
177
272
1712
178
273
1713
179
274
1714
180
275
1715
181
276
1716
182
277
1717
183
278
1718
184
279
1719
185
280
1720
186
281
1721
187
282
1722
188
283
1723
189
284
1724
190
285
1725
191
286
1726
287
1727
193
288
1728
194
289
1729
195
290
1730
196
291
1731
197
292
1732
198
293
1733
199
294
1734
200
295
1735
201
296
1736
202
297
1737
203
298
1738
204
299
1739
205
300
1740
206
301
1741
207
302
1742
208
303
1743
209
304
1744
210
305
1745
211
306
1746
212
307
1747
213
308
1748
214
309
1749
215
310
1750
216
311
1751
217
312
1752
218
313
1753
219
314
1754
220
315
1755
221
316
1756
222
317
1757
223
318
1758
224
319
1759
225
320
1760
226
321
1761
227
322
1762
228
323
1763
229
324
1764
230
325
1765
231
326
1766
232
327
1767
233
328
1768
234
329
1769
235
330
1770
236
331
1771
237
332
1772
238
333
1773
239
334
1774
240
335
1775
241
336
1776
242
337
1777
243
338
1778
244
339
1779
245
340
1780
246
341
1781
247
342
1782
248
343
1783
249
344
1784
250
345
1785
251
346
1786
252
347
1787
253
348
1788
254
349
1789
255
350
1790
256
351
1791
257
352
1792
258
353
1793
259
354
1794
260
355
1795
261
356
1796
262
357
1797
263
358
1798
264
359
1799
265
360
1800
266
361
1801
267
362
1802
268
363
1803
269
364
1804
270
365
1805
271
366
1806
272
367
1807
273
368
1808
274
369
1809
275
370
1810
276
371
1811
277
372
1812
278
373
1813
279
374
1814
280
375
1815
281
376
1816
282
377
1817
283
378
1818
284
379
1819
285
380
1820
286
381
1821
287
382
1822
383
1823
289
384
1824
290
385
1825
291
386
1826
292
387
1827
293
388
1828
294
389
1829
295
390
1830
296
391
1831
297
392
1832
298
393
1833
299
394
1834
300
395
1835
301
396
1836
302
397
1837
303
398
1838
304
399
1839
305
400
1840
306
401
1841
307
402
1842
308
403
1843
309
404
1844
310
405
1845
311
406
1846
312
407
1847
313
408
1848
314
409
1849
315
410
1850
316
411
1851
317
412
1852
318
413
1853
319
414
1854
320
415
1855
321
416
1856
322
417
1857
323
418
1858
324
419
1859
325
420
1860
326
421
1861
327
422
1862
328
423
1863
329
424
1864
330
425
1865
331
426
1866
332
427
1867
333
428
1868
334
429
1869
335
430
1870
336
431
1871
337
432
1872
338
433
1873
339
434
1874
340
435
1875
341
436
1876
342
437
1877
343
438
1878
344
439
1879
345
440
1880
346
441
1881
347
442
1882
348
443
1883
349
444
1884
350
445
1885
351
446
1886
352
447
1887
353
448
1888
354
449
1889
355
450
1890
356
451
1891
357
452
1892
358
453
1893
359
454
1894
360
455
1895
361
456
1896
362
457
1897
363
458
1898
364
459
1899
365
460
1900
366
461
1901
367
462
1902
368
463
1903
369
464
1904
370
465
1905
371
466
1906
372
467
1907
373
468
1908
374
469
1909
375
470
1910
376
471
1911
377
472
1912
378
473
1913
379
474
1914
380
475
1915
381
476
1916
382
477
1917
383
478
1918
479
1919
385
480
1920
386
481
1921
387
482
1922
388
483
1923
389
484
1924
390
485
1925
391
486
1926
392
487
1927
393
488
1928
394
489
1929
395
490
1930
396
491
1931
397
492
1932
398
493
1933
399
494
1934
400
495
1935
401
496
1936
402
497
1937
403
498
1938
404
499
1939
405
500
1940
406
501
1941
407
502
1942
408
503
1943
409
504
1944
410
505
1945
411
506
1946
412
507
1947
413
508
1948
414
509
1949
415
510
1950
416
511
1951
417
512
1952
418
513
1953
419
514
1954
420
515
1955
421
516
1956
422
517
1957
423
518
1958
424
519
1959
425
520
1960
426
521
1961
427
522
1962
428
523
1963
429
524
1964
430
525
1965
431
526
1966
432
527
1967
433
528
1968
434
529
1969
435
530
1970
436
531
1971
437
532
1972
438
533
1973
439
534
1974
440
535
1975
441
536
1976
442
537
1977
443
538
1978
444
539
1979
445
540
1980
446
541
1981
447
542
1982
448
543
1983
449
544
1984
450
545
1985
451
546
1986
452
547
1987
453
548
1988
454
549
1989
455
550
1990
456
551
1991
457
552
1992
458
553
1993
459
554
1994
460
555
1995
461
556
1996
462
557
1997
463
558
1998
464
559
1999
465
560
2000
466
561
2001
467
562
2002
468
563
2003
469
564
2004
470
565
2005
471
566
2006
472
567
2007
473
568
2008
474
569
2009
475
570
2010
476
571
2011
477
572
2012
478
573
2013
479
574
2014
575
2015
481
576
2016
482
577
2017
483
578
2018
484
579
2019
485
580
2020
486
581
2021
487
582
2022
488
583
2023
489
584
2024
490
585
2025
491
586
2026
492
587
2027
493
588
2028
494
589
2029
495
590
2030
496
591
2031
497
592
2032
498
593
2033
499
594
2034
500
595
2035
501
596
2036
502
597
2037
503
598
2038
504
599
2039
505
600
2040
506
601
2041
507
602
2042
508
603
2043
509
604
2044
510
605
2045
511
606
2046
512
607
2047
513
608
2048
514
609
2049
515
610
2050
516
611
2051
517
612
2052
518
613
2053
519
614
2054
520
615
2055
521
616
2056
522
617
2057
523
618
2058
524
619
2059
525
620
2060
526
621
2061
527
622
2062
528
623
2063
529
624
2064
530
625
2065
531
626
2066
532
627
2067
533
628
2068
534
629
2069
535
630
2070
536
631
2071
537
632
2072
538
633
2073
539
634
2074
540
635
2075
541
636
2076
542
637
2077
543
638
2078
544
639
2079
545
640
2080
546
641
2081
547
642
2082
548
643
2083
549
644
2084
550
645
2085
551
646
2086
552
647
2087
553
648
2088
554
649
2089
555
650
2090
556
651
2091
557
652
2092
558
653
2093
559
654
2094
560
655
2095
561
656
2096
562
657
2097
563
658
2098
564
659
2099
565
660
2100
566
661
2101
567
662
2102
568
663
2103
569
664
2104
570
665
2105
571
666
2106
572
667
2107
573
668
2108
574
669
2109
575
670
2110
671
2111
577
672
2112
578
673
2113
579
674
2114
580
675
2115
581
676
2116
582
677
2117
583
678
2118
584
679
2119
585
680
2120
586
681
2121
587
682
2122
588
683
2123
589
684
2124
590
685
2125
591
686
2126
592
687
2127
593
688
2128
594
689
2129
595
690
2130
596
691
2131
597
692
2132
598
693
2133
599
694
2134
600
695
2135
601
696
2136
602
697
2137
603
698
2138
604
699
2139
605
700
2140
606
701
2141
607
702
2142
608
703
2143
609
704
2144
610
705
2145
611
706
2146
612
707
2147
613
708
2148
614
709
2149
615
710
2150
616
711
2151
617
712
2152
618
713
2153
619
714
2154
620
715
2155
621
716
2156
622
717
2157
623
718
2158
624
719
2159
625
720
2160
626
721
2161
627
722
2162
628
723
2163
629
724
2164
630
725
2165
631
726
2166
632
727
2167
633
728
2168
634
729
2169
635
730
2170
636
731
2171
637
732
2172
638
733
2173
639
734
2174
640
735
2175
641
736
2176
642
737
2177
643
738
2178
644
739
2179
645
740
2180
646
741
2181
647
742
2182
648
743
2183
649
744
2184
650
745
2185
651
746
2186
652
747
2187
653
748
2188
654
749
2189
655
750
2190
656
751
2191
657
752
2192
658
753
2193
659
754
2194
660
755
2195
661
756
2196
662
757
2197
663
758
2198
664
759
2199
665
760
2200
666
761
2201
667
762
2202
668
763
2203
669
764
2204
670
765
2205
671
766
2206
767
2207
673
768
2208
674
769
2209
675
770
2210
676
771
2211
677
772
2212
678
773
2213
679
774
2214
680
775
2215
681
776
2216
682
777
2217
683
778
2218
684
779
2219
685
780
2220
686
781
2221
687
782
2222
688
783
2223
689
784
2224
690
785
2225
691
786
2226
692
787
2227
693
788
2228
694
789
2229
695
790
2230
696
791
2231
697
792
2232
698
793
2233
699
794
2234
700
795
2235
701
796
2236
702
797
2237
703
798
2238
704
799
2239
705
800
2240
706
801
2241
707
802
2242
708
803
2243
709
804
2244
710
805
2245
711
806
2246
712
807
2247
713
808
2248
714
809
2249
715
810
2250
716
811
2251
717
812
2252
718
813
2253
719
814
2254
720
815
2255
721
816
2256
722
817
2257
723
818
2258
724
819
2259
725
820
2260
726
821
2261
727
822
2262
728
823
2263
729
824
2264
730
825
2265
731
826
2266
732
827
2267
733
828
2268
734
829
2269
735
830
2270
736
831
2271
737
832
2272
738
833
2273
739
834
2274
740
835
2275
741
836
2276
742
837
2277
743
838
2278
744
839
2279
745
840
2280
746
841
2281
747
842
2282
748
843
2283
749
844
2284
750
845
2285
751
846
2286
752
847
2287
753
848
2288
754
849
2289
755
850
2290
756
851
2291
757
852
2292
758
853
2293
759
854
2294
760
855
2295
761
856
2296
762
857
2297
763
858
2298
764
859
2299
765
860
2300
766
861
2301
767
862
2302
863
2303
769
864
2304
770
865
2305
771
866
2306
772
867
2307
773
868
2308
774
869
2309
775
870
2310
776
871
2311
777
872
2312
778
873
2313
779
874
2314
780
875
2315
781
876
2316
782
877
2317
783
878
2318
784
879
2319
785
880
2320
786
881
2321
787
882
2322
788
883
2323
789
884
2324
790
885
2325
791
886
2326
792
887
2327
793
888
2328
794
889
2329
795
890
2330
796
891
2331
797
892
2332
798
893
2333
799
894
2334
800
895
2335
801
896
2336
802
897
2337
803
898
2338
804
899
2339
805
900
2340
806
901
2341
807
902
2342
808
903
2343
809
904
2344
810
905
2345
811
906
2346
812
907
2347
813
908
2348
814
909
2349
815
910
2350
816
911
2351
817
912
2352
818
913
2353
819
914
2354
820
915
2355
821
916
2356
822
917
2357
823
918
2358
824
919
2359
825
920
2360
826
921
2361
827
922
2362
828
923
2363
829
924
2364
830
925
2365
831
926
2366
832
927
2367
833
928
2368
834
929
2369
835
930
2370
836
931
2371
837
932
2372
838
933
2373
839
934
2374
840
935
2375
841
936
2376
842
937
2377
843
938
2378
844
939
2379
845
940
2380
846
941
2381
847
942
2382
848
943
2383
849
944
2384
850
945
2385
851
946
2386
852
947
2387
853
948
2388
854
949
2389
855
950
2390
856
951
2391
857
952
2392
858
953
2393
859
954
2394
860
955
2395
861
956
2396
862
957
2397
863
958
2398
959
2399
865
960
2400
866
961
2401
867
962
2402
868
963
2403
869
964
2404
870
965
2405
871
966
2406
872
967
2407
873
968
2408
874
969
2409
875
970
2410
876
971
2411
877
972
2412
878
973
2413
879
974
2414
880
975
2415
881
976
2416
882
977
2417
883
978
2418
884
979
2419
885
980
2420
886
981
2421
887
982
2422
888
983
2423
889
984
2424
890
985
2425
891
986
2426
892
987
2427
893
988
2428
894
989
2429
895
990
2430
896
991
2431
897
992
2432
898
993
2433
899
994
2434
900
995
2435
901
996
2436
902
997
2437
903
998
2438
904
999
2439
905
1000
2440
906
1001
2441
907
1002
2442
908
1003
2443
909
1004
2444
910
1005
2445
911
1006
2446
912
1007
2447
913
1008
2448
914
1009
2449
915
1010
2450
916
1011
2451
917
1012
2452
918
1013
2453
919
1014
2454
920
1015
2455
921
1016
2456
922
1017
2457
923
1018
2458
924
1019
2459
925
1020
2460
926
1021
2461
927
1022
2462
928
1023
2463
929
1024
2464
930
1025
2465
931
1026
2466
932
1027
2467
933
1028
2468
934
1029
2469
935
1030
2470
936
1031
2471
937
1032
2472
938
1033
2473
939
1034
2474
940
1035
2475
941
1036
2476
942
1037
2477
943
1038
2478
944
1039
2479
945
1040
2480
946
1041
2481
947
1042
2482
948
1043
2483
949
1044
2484
950
1045
2485
951
1046
2486
952
1047
2487
953
1048
2488
954
1049
2489
955
1050
2490
956
1051
2491
957
1052
2492
958
1053
2493
959
1054
2494
1055
2495
961
1056
2496
962
1057
2497
963
1058
2498
964
1059
2499
965
1060
2500
966
1061
2501
967
1062
2502
968
1063
2503
969
1064
2504
970
1065
2505
971
1066
2506
972
1067
2507
973
1068
2508
974
1069
2509
975
1070
2510
976
1071
2511
977
1072
2512
978
1073
2513
979
1074
2514
980
1075
2515
981
1076
2516
982
1077
2517
983
1078
2518
984
1079
2519
985
1080
2520
986
1081
2521
987
1082
2522
988
1083
2523
989
1084
2524
990
1085
2525
991
1086
2526
992
1087
2527
993
1088
2528
994
1089
2529
995
1090
2530
996
1091
2531
997
1092
2532
998
1093
2533
999
1094
2534
1000
1095
2535
1001
1096
2536
1002
1097
2537
1003
1098
2538
1004
1099
2539
1005
1100
2540
1006
1101
2541
1007
1102
2542
1008
1103
2543
1009
1104
2544
1010
1105
2545
1011
1106
2546
1012
1107
2547
1013
1108
2548
1014
1109
2549
1015
1110
2550
1016
1111
2551
1017
1112
2552
1018
1113
2553
1019
1114
2554
1020
1115
2555
1021
1116
2556
1022
1117
2557
1023
1118
2558
1024
1119
2559
1025
1120
2560
1026
1121
2561
1027
1122
2562
1028
1123
2563
1029
1124
2564
1030
1125
2565
1031
1126
2566
1032
1127
2567
1033
1128
2568
1034
1129
2569
1035
1130
2570
1036
1131
2571
1037
1132
2572
1038
1133
2573
1039
1134
2574
1040
1135
2575
1041
1136
2576
1042
1137
2577
1043
1138
2578
1044
1139
2579
1045
1140
2580
1046
1141
2581
1047
1142
2582
1048
1143
2583
1049
1144
2584
1050
1145
2585
1051
1146
2586
1052
1147
2587
1053
1148
2588
1054
1149
2589
1055
1150
2590
1151
2591
1057
1152
2592
1058
1153
2593
1059
1154
2594
1060
1155
2595
1061
1156
2596
1062
1157
2597
1063
1158
2598
1064
1159
2599
1065
1160
2600
1066
1161
2601
1067
1162
2602
1068
1163
2603
1069
1164
2604
1070
1165
2605
1071
1166
2606
1072
1167
2607
1073
1168
2608
1074
1169
2609
1075
1170
2610
1076
1171
2611
1077
1172
2612
1078
1173
2613
1079
1174
2614
1080
1175
2615
1081
1176
2616
1082
1177
2617
1083
1178
2618
1084
1179
2619
1085
1180
2620
1086
1181
2621
1087
1182
2622
1088
1183
2623
1089
1184
2624
1090
1185
2625
1091
1186
2626
1092
1187
2627
1093
1188
2628
1094
1189
2629
1095
1190
2630
1096
1191
2631
1097
1192
2632
1098
1193
2633
1099
1194
2634
1100
1195
2635
1101
1196
2636
1102
1197
2637
1103
1198
2638
1104
1199
2639
1105
1200
2640
1106
1201
2641
1107
1202
2642
1108
1203
2643
1109
1204
2644
1110
1205
2645
1111
1206
2646
1112
1207
2647
1113
1208
2648
1114
1209
2649
1115
1210
2650
1116
1211
2651
1117
1212
2652
1118
1213
2653
1119
1214
2654
1120
1215
2655
1121
1216
2656
1122
1217
2657
1123
1218
2658
1124
1219
2659
1125
1220
2660
1126
1221
2661
1127
1222
2662
1128
1223
2663
1129
1224
2664
1130
1225
2665
1131
1226
2666
1132
1227
2667
1133
1228
2668
1134
1229
2669
1135
1230
2670
1136
1231
2671
1137
1232
2672
1138
1233
2673
1139
1234
2674
1140
1235
2675
1141
1236
2676
1142
1237
2677
1143
1238
2678
1144
1239
2679
1145
1240
2680
1146
1241
2681
1147
1242
2682
1148
1243
2683
1149
1244
2684
1150
1245
2685
1151
1246
2686
1247
2687
1153
1248
2688
1154
1249
2689
1155
1250
2690
1156
1251
2691
1157
1252
2692
1158
1253
2693
1159
1254
2694
1160
1255
2695
1161
1256
2696
1162
1257
2697
1163
1258
2698
1164
1259
2699
1165
1260
2700
1166
1261
2701
1167
1262
2702
1168
1263
2703
1169
1264
2704
1170
1265
2705
1171
1266
2706
1172
1267
2707
1173
1268
2708
1174
1269
2709
1175
1270
2710
1176
1271
2711
1177
1272
2712
1178
1273
2713
1179
1274
2714
1180
1275
2715
1181
1276
2716
1182
1277
2717
1183
1278
2718
1184
1279
2719
1185
1280
2720
1186
1281
2721
1187
1282
2722
1188
1283
2723
1189
1284
2724
1190
1285
2725
1191
1286
2726
1192
1287
2727
1193
1288
2728
1194
1289
2729
1195
1290
2730
1196
1291
2731
1197
1292
2732
1198
1293
2733
1199
1294
2734
1200
1295
2735
1201
1296
2736
1202
1297
2737
1203
1298
2738
1204
1299
2739
1205
1300
2740
1206
1301
2741
1207
1302
2742
1208
1303
2743
1209
1304
2744
1210
1305
2745
1211
1306
2746
1212
1307
2747
1213
1308
2748
1214
1309
2749
1215
1310
2750
1216
1311
2751
1217
1312
2752
1218
1313
2753
1219
1314
2754
1220
1315
2755
1221
1316
2756
1222
1317
2757
1223
1318
2758
1224
1319
2759
1225
1320
2760
1226
1321
2761
1227
1322
2762
1228
1323
2763
1229
1324
2764
1230
1325
2765
1231
1326
2766
1232
1327
2767
1233
1328
2768
1234
1329
2769
1235
1330
2770
1236
1331
2771
1237
1332
2772
1238
1333
2773
1239
1334
2774
1240
1335
2775
1241
1336
2776
1242
1337
2777
1243
1338
2778
1244
1339
2779
1245
1340
2780
1246
1341
2781
1247
1342
2782
1343
2783
1249
1344
2784
1250
1345
2785
1251
1346
2786
1252
1347
2787
1253
1348
2788
1254
1349
2789
1255
1350
2790
1256
1351
2791
1257
1352
2792
1258
1353
2793
1259
1354
2794
1260
1355
2795
1261
1356
2796
1262
1357
2797
1263
1358
2798
1264
1359
2799
1265
1360
2800
1266
1361
2801
1267
1362
2802
1268
1363
2803
1269
1364
2804
1270
1365
2805
1271
1366
2806
1272
1367
2807
1273
1368
2808
1274
1369
2809
1275
1370
2810
1276
1371
2811
1277
1372
2812
1278
1373
2813
1279
1374
2814
1280
1375
2815
1281
1376
2816
1282
1377
2817
1283
1378
2818
1284
1379
2819
1285
1380
2820
1286
1381
2821
1287
1382
2822
1288
1383
2823
1289
1384
2824
1290
1385
2825
1291
1386
2826
1292
1387
2827
1293
1388
2828
1294
1389
2829
1295
1390
2830
1296
1391
2831
1297
1392
2832
1298
1393
2833
1299
1394
2834
1300
1395
2835
1301
1396
2836
1302
1397
2837
1303
1398
2838
1304
1399
2839
1305
1400
2840
1306
1401
2841
1307
1402
2842
1308
1403
2843
1309
1404
2844
1310
1405
2845
1311
1406
2846
1312
1407
2847
1313
1408
2848
1314
1409
2849
1315
1410
2850
1316
1411
2851
1317
1412
2852
1318
1413
2853
1319
1414
2854
1320
1415
2855
1321
1416
2856
1322
1417
2857
1323
1418
2858
1324
1419
2859
1325
1420
2860
1326
1421
2861
1327
1422
2862
1328
1423
2863
1329
1424
2864
1330
1425
2865
1331
1426
2866
1332
1427
2867
1333
1428
2868
1334
1429
2869
1335
1430
2870
1336
1431
2871
1337
1432
2872
1338
1433
2873
1339
1434
2874
1340
1435
2875
1341
1436
2876
1342
1437
2877
1343
1438
2878
1439
2879
1345
1440
2880
1346
1441
2881
1347
1442
2882
1348
1443
2883
1349
1444
2884
1350
1445
2885
1351
1446
2886
1352
1447
2887
1353
1448
2888
1354
1449
2889
1355
1450
2890
1356
1451
2891
1357
1452
2892
1358
1453
2893
1359
1454
2894
1360
1455
2895
1361
1456
2896
1362
1457
2897
1363
1458
2898
1364
1459
2899
1365
1460
2900
1366
1461
2901
1367
1462
2902
1368
1463
2903
1369
1464
2904
1370
1465
2905
1371
1466
2906
1372
1467
2907
1373
1468
2908
1374
1469
2909
1375
1470
2910
1376
1471
2911
1377
1472
2912
1378
1473
2913
1379
1474
2914
1380
1475
2915
1381
1476
2916
1382
1477
2917
1383
1478
2918
1384
1479
2919
1385
1480
2920
1386
1481
2921
1387
1482
2922
1388
1483
2923
1389
1484
2924
1390
1485
2925
1391
1486
2926
1392
1487
2927
1393
1488
2928
1394
1489
2929
1395
1490
2930
1396
1491
2931
1397
1492
2932
1398
1493
2933
1399
1494
2934
1400
1495
2935
1401
1496
2936
1402
1497
2937
1403
1498
2938
1404
1499
2939
1405
1500
2940
1406
1501
2941
1407
1502
2942
1408
1503
2943
1409
1504
2944
1410
1505
2945
1411
1506
2946
1412
1507
2947
1413
1508
2948
1414
1509
2949
1415
1510
2950
1416
1511
2951
1417
1512
2952
1418
1513
2953
1419
1514
2954
1420
1515
2955
1421
1516
2956
1422
1517
2957
1423
1518
2958
1424
1519
2959
1425
1520
2960
1426
1521
2961
1427
1522
2962
1428
1523
2963
1429
1524
2964
1430
1525
2965
1431
1526
2966
1432
1527
2967
1433
1528
2968
1434
1529
2969
1435
1530
2970
1436
1531
2971
1437
1532
2972
1438
1533
2973
1439
1534
2974
1535
2975
1441
2976
1442
2977
1443
2978
1444
2979
1445
2980
1446
2981
1447
2982
1448
2983
1449
2984
1450
2985
1451
2986
1452
2987
1453
2988
1454
2989
1455
2990
1456
2991
1457
2992
1458
2993
1459
2994
1460
2995
1461
2996
1462
2997
1463
2998
1464
2999
1465
3000
1466
3001
1467
3002
1468
3003
1469
3004
1470
3005
1471
3006
1472
3007
1473
3008
1474
3009
1475
3010
1476
3011
1477
3012
1478
3013
1479
3014
1480
3015
1481
3016
1482
3017
1483
3018
1484
3019
1485
3020
1486
3021
1487
3022
1488
3023
1489
3024
1490
3025
1491
3026
1492
3027
1493
3028
1494
3029
1495
3030
1496
3031
1497
3032
1498
3033
1499
3034
1500
3035
1501
3036
1502
3037
1503
3038
1504
3039
1505
3040
1506
3041
1507
3042
1508
3043
1509
3044
1510
3045
1511
3046
1512
3047
1513
3048
1514
3049
1515
3050
1516
3051
1517
3052
1518
3053
1519
3054
1520
3055
1521
3056
1522
3057
1523
3058
1524
3059
1525
3060
1526
3061
1527
3062
1528
3063
1529
3064
1530
3065
1531
3066
1532
3067
1533
3068
1534
3069
1535
3070
3071
1537
1632
3072
1538
1633
3073
1539
1634
3074
1540
1635
3075
1541
1636
3076
1542
1637
3077
1543
1638
3078
1544
1639
3079
1545
1640
3080
1546
1641
3081
1547
1642
3082
1548
1643
3083
1549
1644
3084
1550
1645
3085
1551
1646
3086
1552
1647
3087
1553
1648
3088
1554
1649
3089
1555
1650
3090
1556
1651
3091
1557
1652
3092
1558
1653
3093
1559
1654
3094
1560
1655
3095
1561
1656
3096
1562
1657
3097
1563
1658
3098
1564
1659
3099
1565
1660
3100
1566
1661
3101
1567
1662
3102
1568
1663
3103
1569
1664
3104
1570
1665
3105
1571
1666
3106
1572
1667
3107
1573
1668
3108
1574
1669
3109
1575
1670
3110
1576
1671
3111
1577
1672
3112
1578
1673
3113
1579
1674
3114
1580
1675
3115
1581
1676
3116
1582
1677
3117
1583
1678
3118
1584
1679
3119
1585
1680
3120
1586
1681
3121
1587
1682
3122
1588
1683
3123
1589
1684
3124
1590
1685
3125
1591
1686
3126
1592
1687
3127
1593
1688
3128
1594
1689
3129
1595
1690
3130
1596
1691
3131
1597
1692
3132
1598
1693
3133
1599
1694
3134
1600
1695
3135
1601
1696
3136
1602
1697
3137
1603
1698
3138
1604
1699
3139
1605
1700
3140
1606
1701
3141
1607
1702
3142
1608
1703
3143
1609
1704
3144
1610
1705
3145
1611
1706
3146
1612
1707
3147
1613
1708
3148
1614
1709
3149
1615
1710
3150
1616
1711
3151
1617
1712
3152
1618
1713
3153
1619
1714
3154
1620
1715
3155
1621
1716
3156
1622
1717
3157
1623
1718
3158
1624
1719
3159
1625
1720
3160
1626
1721
3161
1627
1722
3162
1628
1723
3163
1629
1724
3164
1630
1725
3165
1631
1726
3166
1727
3167
1633
1728
3168
1634
1729
3169
1635
1730
3170
1636
1731
3171
1637
1732
3172
1638
1733
3173
1639
1734
3174
1640
1735
3175
1641
1736
3176
1642
1737
3177
1643
1738
3178
1644
1739
3179
1645
1740
3180
1646
1741
3181
1647
1742
3182
1648
1743
3183
1649
1744
3184
1650
1745
3185
1651
1746
3186
1652
1747
3187
1653
1748
3188
1654
1749
3189
1655
1750
3190
1656
1751
3191
1657
1752
3192
1658
1753
3193
1659
1754
3194
1660
1755
3195
1661
1756
3196
1662
1757
3197
1663
1758
3198
1664
1759
3199
1665
1760
3200
1666
1761
3201
1667
1762
3202
1668
1763
3203
1669
1764
3204
1670
1765
3205
1671
1766
3206
1672
1767
3207
1673
1768
3208
1674
1769
3209
1675
1770
3210
1676
1771
3211
1677
1772
3212
1678
1773
3213
1679
1774
3214
1680
1775
3215
1681
1776
3216
1682
1777
3217
1683
1778
3218
1684
1779
3219
1685
1780
3220
1686
1781
3221
1687
1782
3222
1688
1783
3223
1689
1784
3224
1690
1785
3225
1691
1786
3226
1692
1787
3227
1693
1788
3228
1694
1789
3229
1695
1790
3230
1696
1791
3231
1697
1792
3232
1698
1793
3233
1699
1794
3234
1700
1795
3235
1701
1796
3236
1702
1797
3237
1703
1798
3238
1704
1799
3239
1705
1800
3240
1706
1801
3241
1707
1802
3242
1708
1803
3243
1709
1804
3244
1710
1805
3245
1711
1806
3246
1712
1807
3247
1713
1808
3248
1714
1809
3249
1715
1810
3250
1716
1811
3251
1717
1812
3252
1718
1813
3253
1719
1814
3254
1720
1815
3255
1721
1816
3256
1722
1817
3257
1723
1818
3258
1724
1819
3259
1725
1820
3260
1726
1821
3261
1727
1822
3262
1823
3263
1729
1824
3264
1730
1825
3265
1731
1826
3266
1732
1827
3267
1733
1828
3268
1734
1829
3269
1735
1830
3270
1736
1831
3271
1737
1832
3272
1738
1833
3273
1739
1834
3274
1740
1835
3275
1741
1836
3276
1742
1837
3277
1743
1838
3278
1744
1839
3279
1745
1840
3280
1746
1841
3281
1747
1842
3282
1748
1843
3283
1749
1844
3284
1750
1845
3285
1751
1846
3286
1752
1847
3287
1753
1848
3288
1754
1849
3289
1755
1850
3290
1756
1851
3291
1757
1852
3292
1758
1853
3293
1759
1854
3294
1760
1855
3295
1761
1856
3296
1762
1857
3297
1763
1858
3298
1764
1859
3299
1765
1860
3300
1766
1861
3301
1767
1862
3302
1768
1863
3303
1769
1864
3304
1770
1865
3305
1771
1866
3306
1772
1867
3307
1773
1868
3308
1774
1869
3309
1775
1870
3310
1776
1871
3311
1777
1872
3312
1778
1873
3313
1779
1874
3314
1780
1875
3315
1781
1876
3316
1782
1877
3317
1783
1878
3318
1784
1879
3319
1785
1880
3320
1786
1881
3321
1787
1882
3322
1788
1883
3323
1789
1884
3324
1790
1885
3325
1791
1886
3326
1792
1887
3327
1793
1888
3328
1794
1889
3329
1795
1890
3330
1796
1891
3331
1797
1892
3332
1798
1893
3333
1799
1894
3334
1800
1895
3335
1801
1896
3336
1802
1897
3337
1803
1898
3338
1804
1899
3339
1805
1900
3340
1806
1901
3341
1807
1902
3342
1808
1903
3343
1809
1904
3344
1810
1905
3345
1811
1906
3346
1812
1907
3347
1813
1908
3348
1814
1909
3349
1815
1910
3350
1816
1911
3351
1817
1912
3352
1818
1913
3353
1819
1914
3354
1820
1915
3355
1821
1916
3356
1822
1917
3357
1823
1918
3358
1919
3359
1825
1920
3360
1826
1921
3361
1827
1922
3362
1828
1923
3363
1829
1924
3364
1830
1925
3365
1831
1926
3366
1832
1927
3367
1833
1928
3368
1834
1929
3369
1835
1930
3370
1836
1931
3371
1837
1932
3372
1838
1933
3373
1839
1934
3374
1840
1935
3375
1841
1936
3376
1842
1937
3377
1843
1938
3378
1844
1939
3379
1845
1940
3380
1846
1941
3381
1847
1942
3382
1848
1943
3383
1849
1944
3384
1850
1945
3385
1851
1946
3386
1852
1947
3387
1853
1948
3388
1854
1949
3389
1855
1950
3390
1856
1951
3391
1857
1952
3392
1858
1953
3393
1859
1954
3394
1860
1955
3395
1861
1956
3396
1862
1957
3397
1863
1958
3398
1864
1959
3399
1865
1960
3400
1866
1961
3401
1867
1962
3402
1868
1963
3403
1869
1964
3404
1870
1965
3405
1871
1966
3406
1872
1967
3407
1873
1968
3408
1874
1969
3409
1875
1970
3410
1876
1971
3411
1877
1972
3412
1878
1973
3413
1879
1974
3414
1880
1975
3415
1881
1976
3416
1882
1977
3417
1883
1978
3418
1884
1979
3419
1885
1980
3420
1886
1981
3421
1887
1982
3422
1888
1983
3423
1889
1984
3424
1890
1985
3425
1891
1986
3426
1892
1987
3427
1893
1988
3428
1894
1989
3429
1895
1990
3430
1896
1991
3431
1897
1992
3432
1898
1993
3433
1899
1994
3434
1900
1995
3435
1901
1996
3436
1902
1997
3437
1903
1998
3438
1904
1999
3439
1905
2000
3440
1906
2001
3441
1907
2002
3442
1908
2003
3443
1909
2004
3444
1910
2005
3445
1911
2006
3446
1912
2007
3447
1913
2008
3448
1914
2009
3449
1915
2010
3450
1916
2011
3451
1917
2012
3452
1918
2013
3453
1919
2014
3454
2015
3455
1921
2016
3456
1922
2017
3457
1923
2018
3458
1924
2019
3459
1925
2020
3460
1926
2021
3461
1927
2022
3462
1928
2023
3463
1929
2024
3464
1930
2025
3465
1931
2026
3466
1932
2027
3467
1933
2028
3468
1934
2029
3469
1935
2030
3470
1936
2031
3471
1937
2032
3472
1938
2033
3473
1939
2034
3474
1940
2035
3475
1941
2036
3476
1942
2037
3477
1943
2038
3478
1944
2039
3479
1945
2040
3480
1946
2041
3481
1947
2042
3482
1948
2043
3483
1949
2044
3484
1950
2045
3485
1951
2046
3486
1952
2047
3487
1953
2048
3488
1954
2049
3489
1955
2050
3490
1956
2051
3491
1957
2052
3492
1958
2053
3493
1959
2054
3494
1960
2055
3495
1961
2056
3496
1962
2057
3497
1963
2058
3498
1964
2059
3499
1965
2060
3500
1966
2061
3501
1967
2062
3502
1968
2063
3503
1969
2064
3504
1970
2065
3505
1971
2066
3506
1972
2067
3507
1973
2068
3508
1974
2069
3509
1975
2070
3510
1976
2071
3511
1977
2072
3512
1978
2073
3513
1979
2074
3514
1980
2075
3515
1981
2076
3516
1982
2077
3517
1983
2078
3518
1984
2079
3519
1985
2080
3520
1986
2081
3521
1987
2082
3522
1988
2083
3523
1989
2084
3524
1990
2085
3525
1991
2086
3526
1992
2087
3527
1993
2088
3528
1994
2089
3529
1995
2090
3530
1996
2091
3531
1997
2092
3532
1998
2093
3533
1999
2094
3534
2000
2095
3535
2001
2096
3536
2002
2097
3537
2003
2098
3538
2004
2099
3539
2005
2100
3540
2006
2101
3541
2007
2102
3542
2008
2103
3543
2009
2104
3544
2010
2105
3545
2011
2106
3546
2012
2107
3547
2013
2108
3548
2014
2109
3549
2015
2110
3550
2111
3551
2017
2112
3552
2018
2113
3553
2019
2114
3554
2020
2115
3555
2021
2116
3556
2022
2117
3557
2023
2118
3558
2024
2119
3559
2025
2120
3560
2026
2121
3561
2027
2122
3562
2028
2123
3563
2029
2124
3564
2030
2125
3565
2031
2126
3566
2032
2127
3567
2033
2128
3568
2034
2129
3569
2035
2130
3570
2036
2131
3571
2037
2132
3572
2038
2133
3573
2039
2134
3574
2040
2135
3575
2041
2136
3576
2042
2137
3577
2043
2138
3578
2044
2139
3579
2045
2140
3580
2046
2141
3581
2047
2142
3582
2048
2143
3583
2049
2144
3584
2050
2145
3585
2051
2146
3586
2052
2147
3587
2053
2148
3588
2054
2149
3589
2055
2150
3590
2056
2151
3591
2057
2152
3592
2058
2153
3593
2059
2154
3594
2060
2155
3595
2061
2156
3596
2062
2157
3597
2063
2158
3598
2064
2159
3599
2065
2160
3600
2066
2161
3601
2067
2162
3602
2068
2163
3603
2069
2164
3604
2070
2165
3605
2071
2166
3606
2072
2167
3607
2073
2168
3608
2074
2169
3609
2075
2170
3610
2076
2171
3611
2077
2172
3612
2078
2173
3613
2079
2174
3614
2080
2175
3615
2081
2176
3616
2082
2177
3617
2083
2178
3618
2084
2179
3619
2085
2180
3620
2086
2181
3621
2087
2182
3622
2088
2183
3623
2089
2184
3624
2090
2185
3625
2091
2186
3626
2092
2187
3627
2093
2188
3628
2094
2189
3629
2095
2190
3630
2096
2191
3631
2097
2192
3632
2098
2193
3633
2099
2194
3634
2100
2195
3635
2101
2196
3636
2102
2197
3637
2103
2198
3638
2104
2199
3639
2105
2200
3640
2106
2201
3641
2107
2202
3642
2108
2203
3643
2109
2204
3644
2110
2205
3645
2111
2206
3646
2207
3647
2113
2208
3648
2114
2209
3649
2115
2210
3650
2116
2211
3651
2117
2212
3652
2118
2213
3653
2119
2214
3654
2120
2215
3655
2121
2216
3656
2122
2217
3657
2123
2218
3658
2124
2219
3659
2125
2220
3660
2126
2221
3661
2127
2222
3662
2128
2223
3663
2129
2224
3664
2130
2225
3665
2131
2226
3666
2132
2227
3667
2133
2228
3668
2134
2229
3669
2135
2230
3670
2136
2231
3671
2137
2232
3672
2138
2233
3673
2139
2234
3674
2140
2235
3675
2141
2236
3676
2142
2237
3677
2143
2238
3678
2144
2239
3679
2145
2240
3680
2146
2241
3681
2147
2242
3682
2148
2243
3683
2149
2244
3684
2150
2245
3685
2151
2246
3686
2152
2247
3687
2153
2248
3688
2154
2249
3689
2155
2250
3690
2156
2251
3691
2157
2252
3692
2158
2253
3693
2159
2254
3694
2160
2255
3695
2161
2256
3696
2162
2257
3697
2163
2258
3698
2164
2259
3699
2165
2260
3700
2166
2261
3701
2167
2262
3702
2168
2263
3703
2169
2264
3704
2170
2265
3705
2171
2266
3706
2172
2267
3707
2173
2268
3708
2174
2269
3709
2175
2270
3710
2176
2271
3711
2177
2272
3712
2178
2273
3713
2179
2274
3714
2180
2275
3715
2181
2276
3716
2182
2277
3717
2183
2278
3718
2184
2279
3719
2185
2280
3720
2186
2281
3721
2187
2282
3722
2188
2283
3723
2189
2284
3724
2190
2285
3725
2191
2286
3726
2192
2287
3727
2193
2288
3728
2194
2289
3729
2195
2290
3730
2196
2291
3731
2197
2292
3732
2198
2293
3733
2199
2294
3734
2200
2295
3735
2201
2296
3736
2202
2297
3737
2203
2298
3738
2204
2299
3739
2205
2300
3740
2206
2301
3741
2207
2302
3742
2303
3743
2209
2304
3744
2210
2305
3745
2211
2306
3746
2212
2307
3747
2213
2308
3748
2214
2309
3749
2215
2310
3750
2216
2311
3751
2217
2312
3752
2218
2313
3753
2219
2314
3754
2220
2315
3755
2221
2316
3756
2222
2317
3757
2223
2318
3758
2224
2319
3759
2225
2320
3760
2226
2321
3761
2227
2322
3762
2228
2323
3763
2229
2324
3764
2230
2325
3765
2231
2326
3766
2232
2327
3767
2233
2328
3768
2234
2329
3769
2235
2330
3770
2236
2331
3771
2237
2332
3772
2238
2333
3773
2239
2334
3774
2240
2335
3775
2241
2336
3776
2242
2337
3777
2243
2338
3778
2244
2339
3779
2245
2340
3780
2246
2341
3781
2247
2342
3782
2248
2343
3783
2249
2344
3784
2250
2345
3785
2251
2346
3786
2252
2347
3787
2253
2348
3788
2254
2349
3789
2255
2350
3790
2256
2351
3791
2257
2352
3792
2258
2353
3793
2259
2354
3794
2260
2355
3795
2261
2356
3796
2262
2357
3797
2263
2358
3798
2264
2359
3799
2265
2360
3800
2266
2361
3801
2267
2362
3802
2268
2363
3803
2269
2364
3804
2270
2365
3805
2271
2366
3806
2272
2367
3807
2273
2368
3808
2274
2369
3809
2275
2370
3810
2276
2371
3811
2277
2372
3812
2278
2373
3813
2279
2374
3814
2280
2375
3815
2281
2376
3816
2282
2377
3817
2283
2378
3818
2284
2379
3819
2285
2380
3820
2286
2381
3821
2287
2382
3822
2288
2383
3823
2289
2384
3824
2290
2385
3825
2291
2386
3826
2292
2387
3827
2293
2388
3828
2294
2389
3829
2295
2390
3830
2296
2391
3831
2297
2392
3832
2298
2393
3833
2299
2394
3834
2300
2395
3835
2301
2396
3836
2302
2397
3837
2303
2398
3838
2399
3839
2305
2400
3840
2306
2401
3841
2307
2402
3842
2308
2403
3843
2309
2404
3844
2310
2405
3845
2311
2406
3846
2312
2407
3847
2313
2408
3848
2314
2409
3849
2315
2410
3850
2316
2411
3851
2317
2412
3852
2318
2413
3853
2319
2414
3854
2320
2415
3855
2321
2416
3856
2322
2417
3857
2323
2418
3858
2324
2419
3859
2325
2420
3860
2326
2421
3861
2327
2422
3862
2328
2423
3863
2329
2424
3864
2330
2425
3865
2331
2426
3866
2332
2427
3867
2333
2428
3868
2334
2429
3869
2335
2430
3870
2336
2431
3871
2337
2432
3872
2338
2433
3873
2339
2434
3874
2340
2435
3875
2341
2436
3876
2342
2437
3877
2343
2438
3878
2344
2439
3879
2345
2440
3880
2346
2441
3881
2347
2442
3882
2348
2443
3883
2349
2444
3884
2350
2445
3885
2351
2446
3886
2352
2447
3887
2353
2448
3888
2354
2449
3889
2355
2450
3890
2356
2451
3891
2357
2452
3892
2358
2453
3893
2359
2454
3894
2360
2455
3895
2361
2456
3896
2362
2457
3897
2363
2458
3898
2364
2459
3899
2365
2460
3900
2366
2461
3901
2367
2462
3902
2368
2463
3903
2369
2464
3904
2370
2465
3905
2371
2466
3906
2372
2467
3907
2373
2468
3908
2374
2469
3909
2375
2470
3910
2376
2471
3911
2377
2472
3912
2378
2473
3913
2379
2474
3914
2380
2475
3915
2381
2476
3916
2382
2477
3917
2383
2478
3918
2384
2479
3919
2385
2480
3920
2386
2481
3921
2387
2482
3922
2388
2483
3923
2389
2484
3924
2390
2485
3925
2391
2486
3926
2392
2487
3927
2393
2488
3928
2394
2489
3929
2395
2490
3930
2396
2491
3931
2397
2492
3932
2398
2493
3933
2399
2494
3934
2495
3935
2401
2496
3936
2402
2497
3937
2403
2498
3938
2404
2499
3939
2405
2500
3940
2406
2501
3941
2407
2502
3942
2408
2503
3943
2409
2504
3944
2410
2505
3945
2411
2506
3946
2412
2507
3947
2413
2508
3948
2414
2509
3949
2415
2510
3950
2416
2511
3951
2417
2512
3952
2418
2513
3953
2419
2514
3954
2420
2515
3955
2421
2516
3956
2422
2517
3957
2423
2518
3958
2424
2519
3959
2425
2520
3960
2426
2521
3961
2427
2522
3962
2428
2523
3963
2429
2524
3964
2430
2525
3965
2431
2526
3966
2432
2527
3967
2433
2528
3968
2434
2529
3969
2435
2530
3970
2436
2531
3971
2437
2532
3972
2438
2533
3973
2439
2534
3974
2440
2535
3975
2441
2536
3976
2442
2537
3977
2443
2538
3978
2444
2539
3979
2445
2540
3980
2446
2541
3981
2447
2542
3982
2448
2543
3983
2449
2544
3984
2450
2545
3985
2451
2546
3986
2452
2547
3987
2453
2548
3988
2454
2549
3989
2455
2550
3990
2456
2551
3991
2457
2552
3992
2458
2553
3993
2459
2554
3994
2460
2555
3995
2461
2556
3996
2462
2557
3997
2463
2558
3998
2464
2559
3999
2465
2560
4000
2466
2561
4001
2467
2562
4002
2468
2563
4003
2469
2564
4004
2470
2565
4005
2471
2566
4006
2472
2567
4007
2473
2568
4008
2474
2569
4009
2475
2570
4010
2476
2571
4011
2477
2572
4012
2478
2573
4013
2479
2574
4014
2480
2575
4015
2481
2576
4016
2482
2577
4017
2483
2578
4018
2484
2579
4019
2485
2580
4020
2486
2581
4021
2487
2582
4022
2488
2583
4023
2489
2584
4024
2490
2585
4025
2491
2586
4026
2492
2587
4027
2493
2588
4028
2494
2589
4029
2495
2590
4030
2591
4031
2497
2592
4032
2498
2593
4033
2499
2594
4034
2500
2595
4035
2501
2596
4036
2502
2597
4037
2503
2598
4038
2504
2599
4039
2505
2600
4040
2506
2601
4041
2507
2602
4042
2508
2603
4043
2509
2604
4044
2510
2605
4045
2511
2606
4046
2512
2607
4047
2513
2608
4048
2514
2609
4049
2515
2610
4050
2516
2611
4051
2517
2612
4052
2518
2613
4053
2519
2614
4054
2520
2615
4055
2521
2616
4056
2522
2617
4057
2523
2618
4058
2524
2619
4059
2525
2620
4060
2526
2621
4061
2527
2622
4062
2528
2623
4063
2529
2624
4064
2530
2625
4065
2531
2626
4066
2532
2627
4067
2533
2628
4068
2534
2629
4069
2535
2630
4070
2536
2631
4071
2537
2632
4072
2538
2633
4073
2539
2634
4074
2540
2635
4075
2541
2636
4076
2542
2637
4077
2543
2638
4078
2544
2639
4079
2545
2640
4080
2546
2641
4081
2547
2642
4082
2548
2643
4083
2549
2644
4084
2550
2645
4085
2551
2646
4086
2552
2647
4087
2553
2648
4088
2554
2649
4089
2555
2650
4090
2556
2651
4091
2557
2652
4092
2558
2653
4093
2559
2654
4094
2560
2655
4095
2561
2656
4096
2562
2657
4097
2563
2658
4098
2564
2659
4099
2565
2660
4100
2566
2661
4101
2567
2662
4102
2568
2663
4103
2569
2664
4104
2570
2665
4105
2571
2666
4106
2572
2667
4107
2573
2668
4108
2574
2669
4109
2575
2670
4110
2576
2671
4111
2577
2672
4112
2578
2673
4113
2579
2674
4114
2580
2675
4115
2581
2676
4116
2582
2677
4117
2583
2678
4118
2584
2679
4119
2585
2680
4120
2586
2681
4121
2587
2682
4122
2588
2683
4123
2589
2684
4124
2590
2685
4125
2591
2686
4126
2687
4127
2593
2688
4128
2594
2689
4129
2595
2690
4130
2596
2691
4131
2597
2692
4132
2598
2693
4133
2599
2694
4134
2600
2695
4135
2601
2696
4136
2602
2697
4137
2603
2698
4138
2604
2699
4139
2605
2700
4140
2606
2701
4141
2607
2702
4142
2608
2703
4143
2609
2704
4144
2610
2705
4145
2611
2706
4146
2612
2707
4147
2613
2708
4148
2614
2709
4149
2615
2710
4150
2616
2711
4151
2617
2712
4152
2618
2713
4153
2619
2714
4154
2620
2715
4155
2621
2716
4156
2622
2717
4157
2623
2718
4158
2624
2719
4159
2625
2720
4160
2626
2721
4161
2627
2722
4162
2628
2723
4163
2629
2724
4164
2630
2725
4165
2631
2726
4166
2632
2727
4167
2633
2728
4168
2634
2729
4169
2635
2730
4170
2636
2731
4171
2637
2732
4172
2638
2733
4173
2639
2734
4174
2640
2735
4175
2641
2736
4176
2642
2737
4177
2643
2738
4178
2644
2739
4179
2645
2740
4180
2646
2741
4181
2647
2742
4182
2648
2743
4183
2649
2744
4184
2650
2745
4185
2651
2746
4186
2652
2747
4187
2653
2748
4188
2654
2749
4189
2655
2750
4190
2656
2751
4191
2657
2752
4192
2658
2753
4193
2659
2754
4194
2660
2755
4195
2661
2756
4196
2662
2757
4197
2663
2758
4198
2664
2759
4199
2665
2760
4200
2666
2761
4201
2667
2762
4202
2668
2763
4203
2669
2764
4204
2670
2765
4205
2671
2766
4206
2672
2767
4207
2673
2768
4208
2674
2769
4209
2675
2770
4210
2676
2771
4211
2677
2772
4212
2678
2773
4213
2679
2774
4214
2680
2775
4215
2681
2776
4216
2682
2777
4217
2683
2778
4218
2684
2779
4219
2685
2780
4220
2686
2781
4221
2687
2782
4222
2783
4223
2689
2784
4224
2690
2785
4225
2691
2786
4226
2692
2787
4227
2693
2788
4228
2694
2789
4229
2695
2790
4230
2696
2791
4231
2697
2792
4232
2698
2793
4233
2699
2794
4234
2700
2795
4235
2701
2796
4236
2702
2797
4237
2703
2798
4238
2704
2799
4239
2705
2800
4240
2706
2801
4241
2707
2802
4242
2708
2803
4243
2709
2804
4244
2710
2805
4245
2711
2806
4246
2712
2807
4247
2713
2808
4248
2714
2809
4249
2715
2810
4250
2716
2811
4251
2717
2812
4252
2718
2813
4253
2719
2814
4254
2720
2815
4255
2721
2816
4256
2722
2817
4257
2723
2818
4258
2724
2819
4259
2725
2820
4260
2726
2821
4261
2727
2822
4262
2728
2823
4263
2729
2824
4264
2730
2825
4265
2731
2826
4266
2732
2827
4267
2733
2828
4268
2734
2829
4269
2735
2830
4270
2736
2831
4271
2737
2832
4272
2738
2833
4273
2739
2834
4274
2740
2835
4275
2741
2836
4276
2742
2837
4277
2743
2838
4278
2744
2839
4279
2745
2840
4280
2746
2841
4281
2747
2842
4282
2748
2843
4283
2749
2844
4284
2750
2845
4285
2751
2846
4286
2752
2847
4287
2753
2848
4288
2754
2849
4289
2755
2850
4290
2756
2851
4291
2757
2852
4292
2758
2853
4293
2759
2854
4294
2760
2855
4295
2761
2856
4296
2762
2857
4297
2763
2858
4298
2764
2859
4299
2765
2860
4300
2766
2861
4301
2767
2862
4302
2768
2863
4303
2769
2864
4304
2770
2865
4305
2771
2866
4306
2772
2867
4307
2773
2868
4308
2774
2869
4309
2775
2870
4310
2776
2871
4311
2777
2872
4312
2778
2873
4313
2779
2874
4314
2780
2875
4315
2781
2876
4316
2782
2877
4317
2783
2878
4318
2879
4319
2785
2880
4320
2786
2881
4321
2787
2882
4322
2788
2883
4323
2789
2884
4324
2790
2885
4325
2791
2886
4326
2792
2887
4327
2793
2888
4328
2794
2889
4329
2795
2890
4330
2796
2891
4331
2797
2892
4332
2798
2893
4333
2799
2894
4334
2800
2895
4335
2801
2896
4336
2802
2897
4337
2803
2898
4338
2804
2899
4339
2805
2900
4340
2806
2901
4341
2807
2902
4342
2808
2903
4343
2809
2904
4344
2810
2905
4345
2811
2906
4346
2812
2907
4347
2813
2908
4348
2814
2909
4349
2815
2910
4350
2816
2911
4351
2817
2912
4352
2818
2913
4353
2819
2914
4354
2820
2915
4355
2821
2916
4356
2822
2917
4357
2823
2918
4358
2824
2919
4359
2825
2920
4360
2826
2921
4361
2827
2922
4362
2828
2923
4363
2829
2924
4364
2830
2925
4365
2831
2926
4366
2832
2927
4367
2833
2928
4368
2834
2929
4369
2835
2930
4370
2836
2931
4371
2837
2932
4372
2838
2933
4373
2839
2934
4374
2840
2935
4375
2841
2936
4376
2842
2937
4377
2843
2938
4378
2844
2939
4379
2845
2940
4380
2846
2941
4381
2847
2942
4382
2848
2943
4383
2849
2944
4384
2850
2945
4385
2851
2946
4386
2852
2947
4387
2853
2948
4388
2854
2949
4389
2855
2950
4390
2856
2951
4391
2857
2952
4392
2858
2953
4393
2859
2954
4394
2860
2955
4395
2861
2956
4396
2862
2957
4397
2863
2958
4398
2864
2959
4399
2865
2960
4400
2866
2961
4401
2867
2962
4402
2868
2963
4403
2869
2964
4404
2870
2965
4405
2871
2966
4406
2872
2967
4407
2873
2968
4408
2874
2969
4409
2875
2970
4410
2876
2971
4411
2877
2972
4412
2878
2973
4413
2879
2974
4414
2975
4415
2881
2976
4416
2882
2977
4417
2883
2978
4418
2884
2979
4419
2885
2980
4420
2886
2981
4421
2887
2982
4422
2888
2983
4423
2889
2984
4424
2890
2985
4425
2891
2986
4426
2892
2987
4427
2893
2988
4428
2894
2989
4429
2895
2990
4430
2896
2991
4431
2897
2992
4432
2898
2993
4433
2899
2994
4434
2900
2995
4435
2901
2996
4436
2902
2997
4437
2903
2998
4438
2904
2999
4439
2905
3000
4440
2906
3001
4441
2907
3002
4442
2908
3003
4443
2909
3004
4444
2910
3005
4445
2911
3006
4446
2912
3007
4447
2913
3008
4448
2914
3009
4449
2915
3010
4450
2916
3011
4451
2917
3012
4452
2918
3013
4453
2919
3014
4454
2920
3015
4455
2921
3016
4456
2922
3017
4457
2923
3018
4458
2924
3019
4459
2925
3020
4460
2926
3021
4461
2927
3022
4462
2928
3023
4463
2929
3024
4464
2930
3025
4465
2931
3026
4466
2932
3027
4467
2933
3028
4468
2934
3029
4469
2935
3030
4470
2936
3031
4471
2937
3032
4472
2938
3033
4473
2939
3034
4474
2940
3035
4475
2941
3036
4476
2942
3037
4477
2943
3038
4478
2944
3039
4479
2945
3040
4480
2946
3041
4481
2947
3042
4482
2948
3043
4483
2949
3044
4484
2950
3045
4485
2951
3046
4486
2952
3047
4487
2953
3048
4488
2954
3049
4489
2955
3050
4490
2956
3051
4491
2957
3052
4492
2958
3053
4493
2959
3054
4494
2960
3055
4495
2961
3056
4496
2962
3057
4497
2963
3058
4498
2964
3059
4499
2965
3060
4500
2966
3061
4501
2967
3062
4502
2968
3063
4503
2969
3064
4504
2970
3065
4505
2971
3066
4506
2972
3067
4507
2973
3068
4508
2974
3069
4509
2975
3070
4510
3071
4511
2977
4512
2978
4513
2979
4514
2980
4515
2981
4516
2982
4517
2983
4518
2984
4519
2985
4520
2986
4521
2987
4522
2988
4523
2989
4524
2990
4525
2991
4526
2992
4527
2993
4528
2994
4529
2995
4530
2996
4531
2997
4532
2998
4533
2999
4534
3000
4535
3001
4536
3002
4537
3003
4538
3004
4539
3005
4540
3006
4541
3007
4542
3008
4543
3009
4544
3010
4545
3011
4546
3012
4547
3013
4548
3014
4549
3015
4550
3016
4551
3017
4552
3018
4553
3019
4554
3020
4555
3021
4556
3022
4557
3023
4558
3024
4559
3025
4560
3026
4561
3027
4562
3028
4563
3029
4564
3030
4565
3031
4566
3032
4567
3033
4568
3034
4569
3035
4570
3036
4571
3037
4572
3038
4573
3039
4574
3040
4575
3041
4576
3042
4577
3043
4578
3044
4579
3045
4580
3046
4581
3047
4582
3048
4583
3049
4584
3050
4585
3051
4586
3052
4587
3053
4588
3054
4589
3055
4590
3056
4591
3057
4592
3058
4593
3059
4594
3060
4595
3061
4596
3062
4597
3063
4598
3064
4599
3065
4600
3066
4601
3067
4602
3068
4603
3069
4604
3070
4605
3071
4606
4607
3073
3168
4608
3074
3169
4609
3075
3170
4610
3076
3171
4611
3077
3172
4612
3078
3173
4613
3079
3174
4614
3080
3175
4615
3081
3176
4616
3082
3177
4617
3083
3178
4618
3084
3179
4619
3085
3180
4620
3086
3181
4621
3087
3182
4622
3088
3183
4623
3089
3184
4624
3090
3185
4625
3091
3186
4626
3092
3187
4627
3093
3188
4628
3094
3189
4629
3095
3190
4630
3096
3191
4631
3097
3192
4632
3098
3193
4633
3099
3194
4634
3100
3195
4635
3101
3196
4636
3102
3197
4637
3103
3198
4638
3104
3199
4639
3105
3200
4640
3106
3201
4641
3107
3202
4642
3108
3203
4643
3109
3204
4644
3110
3205
4645
3111
3206
4646
3112
3207
4647
3113
3208
4648
3114
3209
4649
3115
3210
4650
3116
3211
4651
3117
3212
4652
3118
3213
4653
3119
3214
4654
3120
3215
4655
3121
3216
4656
3122
3217
4657
3123
3218
4658
3124
3219
4659
3125
3220
4660
3126
3221
4661
3127
3222
4662
3128
3223
4663
3129
3224
4664
3130
3225
4665
3131
3226
4666
3132
3227
4667
3133
3228
4668
3134
3229
4669
3135
3230
4670
3136
3231
4671
3137
3232
4672
3138
3233
4673
3139
3234
4674
3140
3235
4675
3141
3236
4676
3142
3237
4677
3143
3238
4678
3144
3239
4679
3145
3240
4680
3146
3241
4681
3147
3242
4682
3148
3243
4683
3149
3244
4684
3150
3245
4685
3151
3246
4686
3152
3247
4687
3153
3248
4688
3154
3249
4689
3155
3250
4690
3156
3251
4691
3157
3252
4692
3158
3253
4693
3159
3254
4694
3160
3255
4695
3161
3256
4696
3162
3257
4697
3163
3258
4698
3164
3259
4699
3165
3260
4700
3166
3261
4701
3167
3262
4702
3263
4703
3169
3264
4704
3170
3265
4705
3171
3266
4706
3172
3267
4707
3173
3268
4708
3174
3269
4709
3175
3270
4710
3176
3271
4711
3177
3272
4712
3178
3273
4713
3179
3274
4714
3180
3275
4715
3181
3276
4716
3182
3277
4717
3183
3278
4718
3184
3279
4719
3185
3280
4720
3186
3281
4721
3187
3282
4722
3188
3283
4723
3189
3284
4724
3190
3285
4725
3191
3286
4726
3192
3287
4727
3193
3288
4728
3194
3289
4729
3195
3290
4730
3196
3291
4731
3197
3292
4732
3198
3293
4733
3199
3294
4734
3200
3295
4735
3201
3296
4736
3202
3297
4737
3203
3298
4738
3204
3299
4739
3205
3300
4740
3206
3301
4741
3207
3302
4742
3208
3303
4743
3209
3304
4744
3210
3305
4745
3211
3306
4746
3212
3307
4747
3213
3308
4748
3214
3309
4749
3215
3310
4750
3216
3311
4751
3217
3312
4752
3218
3313
4753
3219
3314
4754
3220
3315
4755
3221
3316
4756
3222
3317
4757
3223
3318
4758
3224
3319
4759
3225
3320
4760
3226
3321
4761
3227
3322
4762
3228
3323
4763
3229
3324
4764
3230
3325
4765
3231
3326
4766
3232
3327
4767
3233
3328
4768
3234
3329
4769
3235
3330
4770
3236
3331
4771
3237
3332
4772
3238
3333
4773
3239
3334
4774
3240
3335
4775
3241
3336
4776
3242
3337
4777
3243
3338
4778
3244
3339
4779
3245
3340
4780
3246
3341
4781
3247
3342
4782
3248
3343
4783
3249
3344
4784
3250
3345
4785
3251
3346
4786
3252
3347
4787
3253
3348
4788
3254
3349
4789
3255
3350
4790
3256
3351
4791
3257
3352
4792
3258
3353
4793
3259
3354
4794
3260
3355
4795
3261
3356
4796
3262
3357
4797
3263
3358
4798
3359
4799
3265
3360
4800
3266
3361
4801
3267
3362
4802
3268
3363
4803
3269
3364
4804
3270
3365
4805
3271
3366
4806
3272
3367
4807
3273
3368
4808
3274
3369
4809
3275
3370
4810
3276
3371
4811
3277
3372
4812
3278
3373
4813
3279
3374
4814
3280
3375
4815
3281
3376
4816
3282
3377
4817
3283
3378
4818
3284
3379
4819
3285
3380
4820
3286
3381
4821
3287
3382
4822
3288
3383
4823
3289
3384
4824
3290
3385
4825
3291
3386
4826
3292
3387
4827
3293
3388
4828
3294
3389
4829
3295
3390
4830
3296
3391
4831
3297
3392
4832
3298
3393
4833
3299
3394
4834
3300
3395
4835
3301
3396
4836
3302
3397
4837
3303
3398
4838
3304
3399
4839
3305
3400
4840
3306
3401
4841
3307
3402
4842
3308
3403
4843
3309
3404
4844
3310
3405
4845
3311
3406
4846
3312
3407
4847
3313
3408
4848
3314
3409
4849
3315
3410
4850
3316
3411
4851
3317
3412
4852
3318
3413
4853
3319
3414
4854
3320
3415
4855
3321
3416
4856
3322
3417
4857
3323
3418
4858
3324
3419
4859
3325
3420
4860
3326
3421
4861
3327
3422
4862
3328
3423
4863
3329
3424
4864
3330
3425
4865
3331
3426
4866
3332
3427
4867
3333
3428
4868
3334
3429
4869
3335
3430
4870
3336
3431
4871
3337
3432
4872
3338
3433
4873
3339
3434
4874
3340
3435
4875
3341
3436
4876
3342
3437
4877
3343
3438
4878
3344
3439
4879
3345
3440
4880
3346
3441
4881
3347
3442
4882
3348
3443
4883
3349
3444
4884
3350
3445
4885
3351
3446
4886
3352
3447
4887
3353
3448
4888
3354
3449
4889
3355
3450
4890
3356
3451
4891
3357
3452
4892
3358
3453
4893
3359
3454
4894
3455
4895
3361
3456
4896
3362
3457
4897
3363
3458
4898
3364
3459
4899
3365
3460
4900
3366
3461
4901
3367
3462
4902
3368
3463
4903
3369
3464
4904
3370
3465
4905
3371
3466
4906
3372
3467
4907
3373
3468
4908
3374
3469
4909
3375
3470
4910
3376
3471
4911
3377
3472
4912
3378
3473
4913
3379
3474
4914
3380
3475
4915
3381
3476
4916
3382
3477
4917
3383
3478
4918
3384
3479
4919
3385
3480
4920
3386
3481
4921
3387
3482
4922
3388
3483
4923
3389
3484
4924
3390
3485
4925
3391
3486
4926
3392
3487
4927
3393
3488
4928
3394
3489
4929
3395
3490
4930
3396
3491
4931
3397
3492
4932
3398
3493
4933
3399
3494
4934
3400
3495
4935
3401
3496
4936
3402
3497
4937
3403
3498
4938
3404
3499
4939
3405
3500
4940
3406
3501
4941
3407
3502
4942
3408
3503
4943
3409
3504
4944
3410
3505
4945
3411
3506
4946
3412
3507
4947
3413
3508
4948
3414
3509
4949
3415
3510
4950
3416
3511
4951
3417
3512
4952
3418
3513
4953
3419
3514
4954
3420
3515
4955
3421
3516
4956
3422
3517
4957
3423
3518
4958
3424
3519
4959
3425
3520
4960
3426
3521
4961
3427
3522
4962
3428
3523
4963
3429
3524
4964
3430
3525
4965
3431
3526
4966
3432
3527
4967
3433
3528
4968
3434
3529
4969
3435
3530
4970
3436
3531
4971
3437
3532
4972
3438
3533
4973
3439
3534
4974
3440
3535
4975
3441
3536
4976
3442
3537
4977
3443
3538
4978
3444
3539
4979
3445
3540
4980
3446
3541
4981
3447
3542
4982
3448
3543
4983
3449
3544
4984
3450
3545
4985
3451
3546
4986
3452
3547
4987
3453
3548
4988
3454
3549
4989
3455
3550
4990
3551
4991
3457
3552
4992
3458
3553
4993
3459
3554
4994
3460
3555
4995
3461
3556
4996
3462
3557
4997
3463
3558
4998
3464
3559
4999
3465
3560
5000
3466
3561
5001
3467
3562
5002
3468
3563
5003
3469
3564
5004
3470
3565
5005
3471
3566
5006
3472
3567
5007
3473
3568
5008
3474
3569
5009
3475
3570
5010
3476
3571
5011
3477
3572
5012
3478
3573
5013
3479
3574
5014
3480
3575
5015
3481
3576
5016
3482
3577
5017
3483
3578
5018
3484
3579
5019
3485
3580
5020
3486
3581
5021
3487
3582
5022
3488
3583
5023
3489
3584
5024
3490
3585
5025
3491
3586
5026
3492
3587
5027
3493
3588
5028
3494
3589
5029
3495
3590
5030
3496
3591
5031
3497
3592
5032
3498
3593
5033
3499
3594
5034
3500
3595
5035
3501
3596
5036
3502
3597
5037
3503
3598
5038
3504
3599
5039
3505
3600
5040
3506
3601
5041
3507
3602
5042
3508
3603
5043
3509
3604
5044
3510
3605
5045
3511
3606
5046
3512
3607
5047
3513
3608
5048
3514
3609
5049
3515
3610
5050
3516
3611
5051
3517
3612
5052
3518
3613
5053
3519
3614
5054
3520
3615
5055
3521
3616
5056
3522
3617
5057
3523
3618
5058
3524
3619
5059
3525
3620
5060
3526
3621
5061
3527
3622
5062
3528
3623
5063
3529
3624
5064
3530
3625
5065
3531
3626
5066
3532
3627
5067
3533
3628
5068
3534
3629
5069
3535
3630
5070
3536
3631
5071
3537
3632
5072
3538
3633
5073
3539
3634
5074
3540
3635
5075
3541
3636
5076
3542
3637
5077
3543
3638
5078
3544
3639
5079
3545
3640
5080
3546
3641
5081
3547
3642
5082
3548
3643
5083
3549
3644
5084
3550
3645
5085
3551
3646
5086
3647
5087
3553
3648
5088
3554
3649
5089
3555
3650
5090
3556
3651
5091
3557
3652
5092
3558
3653
5093
3559
3654
5094
3560
3655
5095
3561
3656
5096
3562
3657
5097
3563
3658
5098
3564
3659
5099
3565
3660
5100
3566
3661
5101
3567
3662
5102
3568
3663
5103
3569
3664
5104
3570
3665
5105
3571
3666
5106
3572
3667
5107
3573
3668
5108
3574
3669
5109
3575
3670
5110
3576
3671
5111
3577
3672
5112
3578
3673
5113
3579
3674
5114
3580
3675
5115
3581
3676
5116
3582
3677
5117
3583
3678
5118
3584
3679
5119
3585
3680
5120
3586
3681
5121
3587
3682
5122
3588
3683
5123
3589
3684
5124
3590
3685
5125
3591
3686
5126
3592
3687
5127
3593
3688
5128
3594
3689
5129
3595
3690
5130
3596
3691
5131
3597
3692
5132
3598
3693
5133
3599
3694
5134
3600
3695
5135
3601
3696
5136
3602
3697
5137
3603
3698
5138
3604
3699
5139
3605
3700
5140
3606
3701
5141
3607
3702
5142
3608
3703
5143
3609
3704
5144
3610
3705
5145
3611
3706
5146
3612
3707
5147
3613
3708
5148
3614
3709
5149
3615
3710
5150
3616
3711
5151
3617
3712
5152
3618
3713
5153
3619
3714
5154
3620
3715
5155
3621
3716
5156
3622
3717
5157
3623
3718
5158
3624
3719
5159
3625
3720
5160
3626
3721
5161
3627
3722
5162
3628
3723
5163
3629
3724
5164
3630
3725
5165
3631
3726
5166
3632
3727
5167
3633
3728
5168
3634
3729
5169
3635
3730
5170
3636
3731
5171
3637
3732
5172
3638
3733
5173
3639
3734
5174
3640
3735
5175
3641
3736
5176
3642
3737
5177
3643
3738
5178
3644
3739
5179
3645
3740
5180
3646
3741
5181
3647
3742
5182
3743
5183
3649
3744
5184
3650
3745
5185
3651
3746
5186
3652
3747
5187
3653
3748
5188
3654
3749
5189
3655
3750
5190
3656
3751
5191
3657
3752
5192
3658
3753
5193
3659
3754
5194
3660
3755
5195
3661
3756
5196
3662
3757
5197
3663
3758
5198
3664
3759
5199
3665
3760
5200
3666
3761
5201
3667
3762
5202
3668
3763
5203
3669
3764
5204
3670
3765
5205
3671
3766
5206
3672
3767
5207
3673
3768
5208
3674
3769
5209
3675
3770
5210
3676
3771
5211
3677
3772
5212
3678
3773
5213
3679
3774
5214
3680
3775
5215
3681
3776
5216
3682
3777
5217
3683
3778
5218
3684
3779
5219
3685
3780
5220
3686
3781
5221
3687
3782
5222
3688
3783
5223
3689
3784
5224
3690
3785
5225
3691
3786
5226
3692
3787
5227
3693
3788
5228
3694
3789
5229
3695
3790
5230
3696
3791
5231
3697
3792
5232
3698
3793
5233
3699
3794
5234
3700
3795
5235
3701
3796
5236
3702
3797
5237
3703
3798
5238
3704
3799
5239
3705
3800
5240
3706
3801
5241
3707
3802
5242
3708
3803
5243
3709
3804
5244
3710
3805
5245
3711
3806
5246
3712
3807
5247
3713
3808
5248
3714
3809
5249
3715
3810
5250
3716
3811
5251
3717
3812
5252
3718
3813
5253
3719
3814
5254
3720
3815
5255
3721
3816
5256
3722
3817
5257
3723
3818
5258
3724
3819
5259
3725
3820
5260
3726
3821
5261
3727
3822
5262
3728
3823
5263
3729
3824
5264
3730
3825
5265
3731
3826
5266
3732
3827
5267
3733
3828
5268
3734
3829
5269
3735
3830
5270
3736
3831
5271
3737
3832
5272
3738
3833
5273
3739
3834
5274
3740
3835
5275
3741
3836
5276
3742
3837
5277
3743
3838
5278
3839
5279
3745
3840
5280
3746
3841
5281
3747
3842
5282
3748
3843
5283
3749
3844
5284
3750
3845
5285
3751
3846
5286
3752
3847
5287
3753
3848
5288
3754
3849
5289
3755
3850
5290
3756
3851
5291
3757
3852
5292
3758
3853
5293
3759
3854
5294
3760
3855
5295
3761
3856
5296
3762
3857
5297
3763
3858
5298
3764
3859
5299
3765
3860
5300
3766
3861
5301
3767
3862
5302
3768
3863
5303
3769
3864
5304
3770
3865
5305
3771
3866
5306
3772
3867
5307
3773
3868
5308
3774
3869
5309
3775
3870
5310
3776
3871
5311
3777
3872
5312
3778
3873
5313
3779
3874
5314
3780
3875
5315
3781
3876
5316
3782
3877
5317
3783
3878
5318
3784
3879
5319
3785
3880
5320
3786
3881
5321
3787
3882
5322
3788
3883
5323
3789
3884
5324
3790
3885
5325
3791
3886
5326
3792
3887
5327
3793
3888
5328
3794
3889
5329
3795
3890
5330
3796
3891
5331
3797
3892
5332
3798
3893
5333
3799
3894
5334
3800
3895
5335
3801
3896
5336
3802
3897
5337
3803
3898
5338
3804
3899
5339
3805
3900
5340
3806
3901
5341
3807
3902
5342
3808
3903
5343
3809
3904
5344
3810
3905
5345
3811
3906
5346
3812
3907
5347
3813
3908
5348
3814
3909
5349
3815
3910
5350
3816
3911
5351
3817
3912
5352
3818
3913
5353
3819
3914
5354
3820
3915
5355
3821
3916
5356
3822
3917
5357
3823
3918
5358
3824
3919
5359
3825
3920
5360
3826
3921
5361
3827
3922
5362
3828
3923
5363
3829
3924
5364
3830
3925
5365
3831
3926
5366
3832
3927
5367
3833
3928
5368
3834
3929
5369
3835
3930
5370
3836
3931
5371
3837
3932
5372
3838
3933
5373
3839
3934
5374
3935
5375
3841
3936
5376
3842
3937
5377
3843
3938
5378
3844
3939
5379
3845
3940
5380
3846
3941
5381
3847
3942
5382
3848
3943
5383
3849
3944
5384
3850
3945
5385
3851
3946
5386
3852
3947
5387
3853
3948
5388
3854
3949
5389
3855
3950
5390
3856
3951
5391
3857
3952
5392
3858
3953
5393
3859
3954
5394
3860
3955
5395
3861
3956
5396
3862
3957
5397
3863
3958
5398
3864
3959
5399
3865
3960
5400
3866
3961
5401
3867
3962
5402
3868
3963
5403
3869
3964
5404
3870
3965
5405
3871
3966
5406
3872
3967
5407
3873
3968
5408
3874
3969
5409
3875
3970
5410
3876
3971
5411
3877
3972
5412
3878
3973
5413
3879
3974
5414
3880
3975
5415
3881
3976
5416
3882
3977
5417
3883
3978
5418
3884
3979
5419
3885
3980
5420
3886
3981
5421
3887
3982
5422
3888
3983
5423
3889
3984
5424
3890
3985
5425
3891
3986
5426
3892
3987
5427
3893
3988
5428
3894
3989
5429
3895
3990
5430
3896
3991
5431
3897
3992
5432
3898
3993
5433
3899
3994
5434
3900
3995
5435
3901
3996
5436
3902
3997
5437
3903
3998
5438
3904
3999
5439
3905
4000
5440
3906
4001
5441
3907
4002
5442
3908
4003
5443
3909
4004
5444
3910
4005
5445
3911
4006
5446
3912
4007
5447
3913
4008
5448
3914
4009
5449
3915
4010
5450
3916
4011
5451
3917
4012
5452
3918
4013
5453
3919
4014
5454
3920
4015
5455
3921
4016
5456
3922
4017
5457
3923
4018
5458
3924
4019
5459
3925
4020
5460
3926
4021
5461
3927
4022
5462
3928
4023
5463
3929
4024
5464
3930
4025
5465
3931
4026
5466
3932
4027
5467
3933
4028
5468
3934
4029
5469
3935
4030
5470
4031
5471
3937
4032
5472
3938
4033
5473
3939
4034
5474
3940
4035
5475
3941
4036
5476
3942
4037
5477
3943
4038
5478
3944
4039
5479
3945
4040
5480
3946
4041
5481
3947
4042
5482
3948
4043
5483
3949
4044
5484
3950
4045
5485
3951
4046
5486
3952
4047
5487
3953
4048
5488
3954
4049
5489
3955
4050
5490
3956
4051
5491
3957
4052
5492
3958
4053
5493
3959
4054
5494
3960
4055
5495
3961
4056
5496
3962
4057
5497
3963
4058
5498
3964
4059
5499
3965
4060
5500
3966
4061
5501
3967
4062
5502
3968
4063
5503
3969
4064
5504
3970
4065
5505
3971
4066
5506
3972
4067
5507
3973
4068
5508
3974
4069
5509
3975
4070
5510
3976
4071
5511
3977
4072
5512
3978
4073
5513
3979
4074
5514
3980
4075
5515
3981
4076
5516
3982
4077
5517
3983
4078
5518
3984
4079
5519
3985
4080
5520
3986
4081
5521
3987
4082
5522
3988
4083
5523
3989
4084
5524
3990
4085
5525
3991
4086
5526
3992
4087
5527
3993
4088
5528
3994
4089
5529
3995
4090
5530
3996
4091
5531
3997
4092
5532
3998
4093
5533
3999
4094
5534
4000
4095
5535
4001
4096
5536
4002
4097
5537
4003
4098
5538
4004
4099
5539
4005
4100
5540
4006
4101
5541
4007
4102
5542
4008
4103
5543
4009
4104
5544
4010
4105
5545
4011
4106
5546
4012
4107
5547
4013
4108
5548
4014
4109
5549
4015
4110
5550
4016
4111
5551
4017
4112
5552
4018
4113
5553
4019
4114
5554
4020
4115
5555
4021
4116
5556
4022
4117
5557
4023
4118
5558
4024
4119
5559
4025
4120
5560
4026
4121
5561
4027
4122
5562
4028
4123
5563
4029
4124
5564
4030
4125
5565
4031
4126
5566
4127
5567
4033
4128
5568
4034
4129
5569
4035
4130
5570
4036
4131
5571
4037
4132
5572
4038
4133
5573
4039
4134
5574
4040
4135
5575
4041
4136
5576
4042
4137
5577
4043
4138
5578
4044
4139
5579
4045
4140
5580
4046
4141
5581
4047
4142
5582
4048
4143
5583
4049
4144
5584
4050
4145
5585
4051
4146
5586
4052
4147
5587
4053
4148
5588
4054
4149
5589
4055
4150
5590
4056
4151
5591
4057
4152
5592
4058
4153
5593
4059
4154
5594
4060
4155
5595
4061
4156
5596
4062
4157
5597
4063
4158
5598
4064
4159
5599
4065
4160
5600
4066
4161
5601
4067
4162
5602
4068
4163
5603
4069
4164
5604
4070
4165
5605
4071
4166
5606
4072
4167
5607
4073
4168
5608
4074
4169
5609
4075
4170
5610
4076
4171
5611
4077
4172
5612
4078
4173
5613
4079
4174
5614
4080
4175
5615
4081
4176
5616
4082
4177
5617
4083
4178
5618
4084
4179
5619
4085
4180
5620
4086
4181
5621
4087
4182
5622
4088
4183
5623
4089
4184
5624
4090
4185
5625
4091
4186
5626
4092
4187
5627
4093
4188
5628
4094
4189
5629
4095
4190
5630
4096
4191
5631
4097
4192
5632
4098
4193
5633
4099
4194
5634
4100
4195
5635
4101
4196
5636
4102
4197
5637
4103
4198
5638
4104
4199
5639
4105
4200
5640
4106
4201
5641
4107
4202
5642
4108
4203
5643
4109
4204
5644
4110
4205
5645
4111
4206
5646
4112
4207
5647
4113
4208
5648
4114
4209
5649
4115
4210
5650
4116
4211
5651
4117
4212
5652
4118
4213
5653
4119
4214
5654
4120
4215
5655
4121
4216
5656
4122
4217
5657
4123
4218
5658
4124
4219
5659
4125
4220
5660
4126
4221
5661
4127
4222
5662
4223
5663
4129
4224
5664
4130
4225
5665
4131
4226
5666
4132
4227
5667
4133
4228
5668
4134
4229
5669
4135
4230
5670
4136
4231
5671
4137
4232
5672
4138
4233
5673
4139
4234
5674
4140
4235
5675
4141
4236
5676
4142
4237
5677
4143
4238
5678
4144
4239
5679
4145
4240
5680
4146
4241
5681
4147
4242
5682
4148
4243
5683
4149
4244
5684
4150
4245
5685
4151
4246
5686
4152
4247
5687
4153
4248
5688
4154
4249
5689
4155
4250
5690
4156
4251
5691
4157
4252
5692
4158
4253
5693
4159
4254
5694
4160
4255
5695
4161
4256
5696
4162
4257
5697
4163
4258
5698
4164
4259
5699
4165
4260
5700
4166
4261
5701
4167
4262
5702
4168
4263
5703
4169
4264
5704
4170
4265
5705
4171
4266
5706
4172
4267
5707
4173
4268
5708
4174
4269
5709
4175
4270
5710
4176
4271
5711
4177
4272
5712
4178
4273
5713
4179
4274
5714
4180
4275
5715
4181
4276
5716
4182
4277
5717
4183
4278
5718
4184
4279
5719
4185
4280
5720
4186
4281
5721
4187
4282
5722
4188
4283
5723
4189
4284
5724
4190
4285
5725
4191
4286
5726
4192
4287
5727
4193
4288
5728
4194
4289
5729
4195
4290
5730
4196
4291
5731
4197
4292
5732
4198
4293
5733
4199
4294
5734
4200
4295
5735
4201
4296
5736
4202
4297
5737
4203
4298
5738
4204
4299
5739
4205
4300
5740
4206
4301
5741
4207
4302
5742
4208
4303
5743
4209
4304
5744
4210
4305
5745
4211
4306
5746
4212
4307
5747
4213
4308
5748
4214
4309
5749
4215
4310
5750
4216
4311
5751
4217
4312
5752
4218
4313
5753
4219
4314
5754
4220
4315
5755
4221
4316
5756
4222
4317
5757
4223
4318
5758
4319
5759
4225
4320
5760
4226
4321
5761
4227
4322
5762
4228
4323
5763
4229
4324
5764
4230
4325
5765
4231
4326
5766
4232
4327
5767
4233
4328
5768
4234
4329
5769
4235
4330
5770
4236
4331
5771
4237
4332
5772
4238
4333
5773
4239
4334
5774
4240
4335
5775
4241
4336
5776
4242
4337
5777
4243
4338
5778
4244
4339
5779
4245
4340
5780
4246
4341
5781
4247
4342
5782
4248
4343
5783
4249
4344
5784
4250
4345
5785
4251
4346
5786
4252
4347
5787
4253
4348
5788
4254
4349
5789
4255
4350
5790
4256
4351
5791
4257
4352
5792
4258
4353
5793
4259
4354
5794
4260
4355
5795
4261
4356
5796
4262
4357
5797
4263
4358
5798
4264
4359
5799
4265
4360
5800
4266
4361
5801
4267
4362
5802
4268
4363
5803
4269
4364
5804
4270
4365
5805
4271
4366
5806
4272
4367
5807
4273
4368
5808
4274
4369
5809
4275
4370
5810
4276
4371
5811
4277
4372
5812
4278
4373
5813
4279
4374
5814
4280
4375
5815
4281
4376
5816
4282
4377
5817
4283
4378
5818
4284
4379
5819
4285
4380
5820
4286
4381
5821
4287
4382
5822
4288
4383
5823
4289
4384
5824
4290
4385
5825
4291
4386
5826
4292
4387
5827
4293
4388
5828
4294
4389
5829
4295
4390
5830
4296
4391
5831
4297
4392
5832
4298
4393
5833
4299
4394
5834
4300
4395
5835
4301
4396
5836
4302
4397
5837
4303
4398
5838
4304
4399
5839
4305
4400
5840
4306
4401
5841
4307
4402
5842
4308
4403
5843
4309
4404
5844
4310
4405
5845
4311
4406
5846
4312
4407
5847
4313
4408
5848
4314
4409
5849
4315
4410
5850
4316
4411
5851
4317
4412
5852
4318
4413
5853
4319
4414
5854
4415
5855
4321
4416
5856
4322
4417
5857
4323
4418
5858
4324
4419
5859
4325
4420
5860
4326
4421
5861
4327
4422
5862
4328
4423
5863
4329
4424
5864
4330
4425
5865
4331
4426
5866
4332
4427
5867
4333
4428
5868
4334
4429
5869
4335
4430
5870
4336
4431
5871
4337
4432
5872
4338
4433
5873
4339
4434
5874
4340
4435
5875
4341
4436
5876
4342
4437
5877
4343
4438
5878
4344
4439
5879
4345
4440
5880
4346
4441
5881
4347
4442
5882
4348
4443
5883
4349
4444
5884
4350
4445
5885
4351
4446
5886
4352
4447
5887
4353
4448
5888
4354
4449
5889
4355
4450
5890
4356
4451
5891
4357
4452
5892
4358
4453
5893
4359
4454
5894
4360
4455
5895
4361
4456
5896
4362
4457
5897
4363
4458
5898
4364
4459
5899
4365
4460
5900
4366
4461
5901
4367
4462
5902
4368
4463
5903
4369
4464
5904
4370
4465
5905
4371
4466
5906
4372
4467
5907
4373
4468
5908
4374
4469
5909
4375
4470
5910
4376
4471
5911
4377
4472
5912
4378
4473
5913
4379
4474
5914
4380
4475
5915
4381
4476
5916
4382
4477
5917
4383
4478
5918
4384
4479
5919
4385
4480
5920
4386
4481
5921
4387
4482
5922
4388
4483
5923
4389
4484
5924
4390
4485
5925
4391
4486
5926
4392
4487
5927
4393
4488
5928
4394
4489
5929
4395
4490
5930
4396
4491
5931
4397
4492
5932
4398
4493
5933
4399
4494
5934
4400
4495
5935
4401
4496
5936
4402
4497
5937
4403
4498
5938
4404
4499
5939
4405
4500
5940
4406
4501
5941
4407
4502
5942
4408
4503
5943
4409
4504
5944
4410
4505
5945
4411
4506
5946
4412
4507
5947
4413
4508
5948
4414
4509
5949
4415
4510
5950
4511
5951
4417
4512
5952
4418
4513
5953
4419
4514
5954
4420
4515
5955
4421
4516
5956
4422
4517
5957
4423
4518
5958
4424
4519
5959
4425
4520
5960
4426
4521
5961
4427
4522
5962
4428
4523
5963
4429
4524
5964
4430
4525
5965
4431
4526
5966
4432
4527
5967
4433
4528
5968
4434
4529
5969
4435
4530
5970
4436
4531
5971
4437
4532
5972
4438
4533
5973
4439
4534
5974
4440
4535
5975
4441
4536
5976
4442
4537
5977
4443
4538
5978
4444
4539
5979
4445
4540
5980
4446
4541
5981
4447
4542
5982
4448
4543
5983
4449
4544
5984
4450
4545
5985
4451
4546
5986
4452
4547
5987
4453
4548
5988
4454
4549
5989
4455
4550
5990
4456
4551
5991
4457
4552
5992
4458
4553
5993
4459
4554
5994
4460
4555
5995
4461
4556
5996
4462
4557
5997
4463
4558
5998
4464
4559
5999
4465
4560
6000
4466
4561
6001
4467
4562
6002
4468
4563
6003
4469
4564
6004
4470
4565
6005
4471
4566
6006
4472
4567
6007
4473
4568
6008
4474
4569
6009
4475
4570
6010
4476
4571
6011
4477
4572
6012
4478
4573
6013
4479
4574
6014
4480
4575
6015
4481
4576
6016
4482
4577
6017
4483
4578
6018
4484
4579
6019
4485
4580
6020
4486
4581
6021
4487
4582
6022
4488
4583
6023
4489
4584
6024
4490
4585
6025
4491
4586
6026
4492
4587
6027
4493
4588
6028
4494
4589
6029
4495
4590
6030
4496
4591
6031
4497
4592
6032
4498
4593
6033
4499
4594
6034
4500
4595
6035
4501
4596
6036
4502
4597
6037
4503
4598
6038
4504
4599
6039
4505
4600
6040
4506
4601
6041
4507
4602
6042
4508
4603
6043
4509
4604
6044
4510
4605
6045
4511
4606
6046
4607
6047
4513
6048
4514
6049
4515
6050
4516
6051
4517
6052
4518
6053
4519
6054
4520
6055
4521
6056
4522
6057
4523
6058
4524
6059
4525
6060
4526
6061
4527
6062
4528
6063
4529
6064
4530
6065
4531
6066
4532
6067
4533
6068
4534
6069
4535
6070
4536
6071
4537
6072
4538
6073
4539
6074
4540
6075
4541
6076
4542
6077
4543
6078
4544
6079
4545
6080
4546
6081
4547
6082
4548
6083
4549
6084
4550
6085
4551
6086
4552
6087
4553
6088
4554
6089
4555
6090
4556
6091
4557
6092
4558
6093
4559
6094
4560
6095
4561
6096
4562
6097
4563
6098
4564
6099
4565
6100
4566
6101
4567
6102
4568
6103
4569
6104
4570
6105
4571
6106
4572
6107
4573
6108
4574
6109
4575
6110
4576
6111
4577
6112
4578
6113
4579
6114
4580
6115
4581
6116
4582
6117
4583
6118
4584
6119
4585
6120
4586
6121
4587
6122
4588
6123
4589
6124
4590
6125
4591
6126
4592
6127
4593
6128
4594
6129
4595
6130
4596
6131
4597
6132
4598
6133
4599
6134
4600
6135
4601
6136
4602
6137
4603
6138
4604
6139
4605
6140
4606
6141
4607
6142
6143
4609
4704
4610
4705
4611
4706
4612
4707
4613
4708
4614
4709
4615
4710
4616
4711
4617
4712
4618
4713
4619
4714
4620
4715
4621
4716
4622
4717
4623
4718
4624
4719
4625
4720
4626
4721
4627
4722
4628
4723
4629
4724
4630
4725
4631
4726
4632
4727
4633
4728
4634
4729
4635
4730
4636
4731
4637
4732
4638
4733
4639
4734
4640
4735
4641
4736
4642
4737
4643
4738
4644
4739
4645
4740
4646
4741
4647
4742
4648
4743
4649
4744
4650
4745
4651
4746
4652
4747
4653
4748
4654
4749
4655
4750
4656
4751
4657
4752
4658
4753
4659
4754
4660
4755
4661
4756
4662
4757
4663
4758
4664
4759
4665
4760
4666
4761
4667
4762
4668
4763
4669
4764
4670
4765
4671
4766
4672
4767
4673
4768
4674
4769
4675
4770
4676
4771
4677
4772
4678
4773
4679
4774
4680
4775
4681
4776
4682
4777
4683
4778
4684
4779
4685
4780
4686
4781
4687
4782
4688
4783
4689
4784
4690
4785
4691
4786
4692
4787
4693
4788
4694
4789
4695
4790
4696
4791
4697
4792
4698
4793
4699
4794
4700
4795
4701
4796
4702
4797
4703
4798
4799
4705
4800
4706
4801
4707
4802
4708
4803
4709
4804
4710
4805
4711
4806
4712
4807
4713
4808
4714
4809
4715
4810
4716
4811
4717
4812
4718
4813
4719
4814
4720
4815
4721
4816
4722
4817
4723
4818
4724
4819
4725
4820
4726
4821
4727
4822
4728
4823
4729
4824
4730
4825
4731
4826
4732
4827
4733
4828
4734
4829
4735
4830
4736
4831
4737
4832
4738
4833
4739
4834
4740
4835
4741
4836
4742
4837
4743
4838
4744
4839
4745
4840
4746
4841
4747
4842
4748
4843
4749
4844
4750
4845
4751
4846
4752
4847
4753
4848
4754
4849
4755
4850
4756
4851
4757
4852
4758
4853
4759
4854
4760
4855
4761
4856
4762
4857
4763
4858
4764
4859
4765
4860
4766
4861
4767
4862
4768
4863
4769
4864
4770
4865
4771
4866
4772
4867
4773
4868
4774
4869
4775
4870
4776
4871
4777
4872
4778
4873
4779
4874
4780
4875
4781
4876
4782
4877
4783
4878
4784
4879
4785
4880
4786
4881
4787
4882
4788
4883
4789
4884
4790
4885
4791
4886
4792
4887
4793
4888
4794
4889
4795
4890
4796
4891
4797
4892
4798
4893
4799
4894
4895
4801
4896
4802
4897
4803
4898
4804
4899
4805
4900
4806
4901
4807
4902
4808
4903
4809
4904
4810
4905
4811
4906
4812
4907
4813
4908
4814
4909
4815
4910
4816
4911
4817
4912
4818
4913
4819
4914
4820
4915
4821
4916
4822
4917
4823
4918
4824
4919
4825
4920
4826
4921
4827
4922
4828
4923
4829
4924
4830
4925
4831
4926
4832
4927
4833
4928
4834
4929
4835
4930
4836
4931
4837
4932
4838
4933
4839
4934
4840
4935
4841
4936
4842
4937
4843
4938
4844
4939
4845
4940
4846
4941
4847
4942
4848
4943
4849
4944
4850
4945
4851
4946
4852
4947
4853
4948
4854
4949
4855
4950
4856
4951
4857
4952
4858
4953
4859
4954
4860
4955
4861
4956
4862
4957
4863
4958
4864
4959
4865
4960
4866
4961
4867
4962
4868
4963
4869
4964
4870
4965
4871
4966
4872
4967
4873
4968
4874
4969
4875
4970
4876
4971
4877
4972
4878
4973
4879
4974
4880
4975
4881
4976
4882
4977
4883
4978
4884
4979
4885
4980
4886
4981
4887
4982
4888
4983
4889
4984
4890
4985
4891
4986
4892
4987
4893
4988
4894
4989
4895
4990
4991
4897
4992
4898
4993
4899
4994
4900
4995
4901
4996
4902
4997
4903
4998
4904
4999
4905
5000
4906
5001
4907
5002
4908
5003
4909
5004
4910
5005
4911
5006
4912
5007
4913
5008
4914
5009
4915
5010
4916
5011
4917
5012
4918
5013
4919
5014
4920
5015
4921
5016
4922
5017
4923
5018
4924
5019
4925
5020
4926
5021
4927
5022
4928
5023
4929
5024
4930
5025
4931
5026
4932
5027
4933
5028
4934
5029
4935
5030
4936
5031
4937
5032
4938
5033
4939
5034
4940
5035
4941
5036
4942
5037
4943
5038
4944
5039
4945
5040
4946
5041
4947
5042
4948
5043
4949
5044
4950
5045
4951
5046
4952
5047
4953
5048
4954
5049
4955
5050
4956
5051
4957
5052
4958
5053
4959
5054
4960
5055
4961
5056
4962
5057
4963
5058
4964
5059
4965
5060
4966
5061
4967
5062
4968
5063
4969
5064
4970
5065
4971
5066
4972
5067
4973
5068
4974
5069
4975
5070
4976
5071
4977
5072
4978
5073
4979
5074
4980
5075
4981
5076
4982
5077
4983
5078
4984
5079
4985
5080
4986
5081
4987
5082
4988
5083
4989
5084
4990
5085
4991
5086
5087
4993
5088
4994
5089
4995
5090
4996
5091
4997
5092
4998
5093
4999
5094
5000
5095
5001
5096
5002
5097
5003
5098
5004
5099
5005
5100
5006
5101
5007
5102
5008
5103
5009
5104
5010
5105
5011
5106
5012
5107
5013
5108
5014
5109
5015
5110
5016
5111
5017
5112
5018
5113
5019
5114
5020
5115
5021
5116
5022
5117
5023
5118
5024
5119
5025
5120
5026
5121
5027
5122
5028
5123
5029
5124
5030
5125
5031
5126
5032
5127
5033
5128
5034
5129
5035
5130
5036
5131
5037
5132
5038
5133
5039
5134
5040
5135
5041
5136
5042
5137
5043
5138
5044
5139
5045
5140
5046
5141
5047
5142
5048
5143
5049
5144
5050
5145
5051
5146
5052
5147
5053
5148
5054
5149
5055
5150
5056
5151
5057
5152
5058
5153
5059
5154
5060
5155
5061
5156
5062
5157
5063
5158
5064
5159
5065
5160
5066
5161
5067
5162
5068
5163
5069
5164
5070
5165
5071
5166
5072
5167
5073
5168
5074
5169
5075
5170
5076
5171
5077
5172
5078
5173
5079
5174
5080
5175
5081
5176
5082
5177
5083
5178
5084
5179
5085
5180
5086
5181
5087
5182
5183
5089
5184
5090
5185
5091
5186
5092
5187
5093
5188
5094
5189
5095
5190
5096
5191
5097
5192
5098
5193
5099
5194
5100
5195
5101
5196
5102
5197
5103
5198
5104
5199
5105
5200
5106
5201
5107
5202
5108
5203
5109
5204
5110
5205
5111
5206
5112
5207
5113
5208
5114
5209
5115
5210
5116
5211
5117
5212
5118
5213
5119
5214
5120
5215
5121
5216
5122
5217
5123
5218
5124
5219
5125
5220
5126
5221
5127
5222
5128
5223
5129
5224
5130
5225
5131
5226
5132
5227
5133
5228
5134
5229
5135
5230
5136
5231
5137
5232
5138
5233
5139
5234
5140
5235
5141
5236
5142
5237
5143
5238
5144
5239
5145
5240
5146
5241
5147
5242
5148
5243
5149
5244
5150
5245
5151
5246
5152
5247
5153
5248
5154
5249
5155
5250
5156
5251
5157
5252
5158
5253
5159
5254
5160
5255
5161
5256
5162
5257
5163
5258
5164
5259
5165
5260
5166
5261
5167
5262
5168
5263
5169
5264
5170
5265
5171
5266
5172
5267
5173
5268
5174
5269
5175
5270
5176
5271
5177
5272
5178
5273
5179
5274
5180
5275
5181
5276
5182
5277
5183
5278
5279
5185
5280
5186
5281
5187
5282
5188
5283
5189
5284
5190
5285
5191
5286
5192
5287
5193
5288
5194
5289
5195
5290
5196
5291
5197
5292
5198
5293
5199
5294
5200
5295
5201
5296
5202
5297
5203
5298
5204
5299
5205
5300
5206
5301
5207
5302
5208
5303
5209
5304
5210
5305
5211
5306
5212
5307
5213
5308
5214
5309
5215
5310
5216
5311
5217
5312
5218
5313
5219
5314
5220
5315
5221
5316
5222
5317
5223
5318
5224
5319
5225
5320
5226
5321
5227
5322
5228
5323
5229
5324
5230
5325
5231
5326
5232
5327
5233
5328
5234
5329
5235
5330
5236
5331
5237
5332
5238
5333
5239
5334
5240
5335
5241
5336
5242
5337
5243
5338
5244
5339
5245
5340
5246
5341
5247
5342
5248
5343
5249
5344
5250
5345
5251
5346
5252
5347
5253
5348
5254
5349
5255
5350
5256
5351
5257
5352
5258
5353
5259
5354
5260
5355
5261
5356
5262
5357
5263
5358
5264
5359
5265
5360
5266
5361
5267
5362
5268
5363
5269
5364
5270
5365
5271
5366
5272
5367
5273
5368
5274
5369
5275
5370
5276
5371
5277
5372
5278
5373
5279
5374
5375
5281
5376
5282
5377
5283
5378
5284
5379
5285
5380
5286
5381
5287
5382
5288
5383
5289
5384
5290
5385
5291
5386
5292
5387
5293
5388
5294
5389
5295
5390
5296
5391
5297
5392
5298
5393
5299
5394
5300
5395
5301
5396
5302
5397
5303
5398
5304
5399
5305
5400
5306
5401
5307
5402
5308
5403
5309
5404
5310
5405
5311
5406
5312
5407
5313
5408
5314
5409
5315
5410
5316
5411
5317
5412
5318
5413
5319
5414
5320
5415
5321
5416
5322
5417
5323
5418
5324
5419
5325
5420
5326
5421
5327
5422
5328
5423
5329
5424
5330
5425
5331
5426
5332
5427
5333
5428
5334
5429
5335
5430
5336
5431
5337
5432
5338
5433
5339
5434
5340
5435
5341
5436
5342
5437
5343
5438
5344
5439
5345
5440
5346
5441
5347
5442
5348
5443
5349
5444
5350
5445
5351
5446
5352
5447
5353
5448
5354
5449
5355
5450
5356
5451
5357
5452
5358
5453
5359
5454
5360
5455
5361
5456
5362
5457
5363
5458
5364
5459
5365
5460
5366
5461
5367
5462
5368
5463
5369
5464
5370
5465
5371
5466
5372
5467
5373
5468
5374
5469
5375
5470
5471
5377
5472
5378
5473
5379
5474
5380
5475
5381
5476
5382
5477
5383
5478
5384
5479
5385
5480
5386
5481
5387
5482
5388
5483
5389
5484
5390
5485
5391
5486
5392
5487
5393
5488
5394
5489
5395
5490
5396
5491
5397
5492
5398
5493
5399
5494
5400
5495
5401
5496
5402
5497
5403
5498
5404
5499
5405
5500
5406
5501
5407
5502
5408
5503
5409
5504
5410
5505
5411
5506
5412
5507
5413
5508
5414
5509
5415
5510
5416
5511
5417
5512
5418
5513
5419
5514
5420
5515
5421
5516
5422
5517
5423
5518
5424
5519
5425
5520
5426
5521
5427
5522
5428
5523
5429
5524
5430
5525
5431
5526
5432
5527
5433
5528
5434
5529
5435
5530
5436
5531
5437
5532
5438
5533
5439
5534
5440
5535
5441
5536
5442
5537
5443
5538
5444
5539
5445
5540
5446
5541
5447
5542
5448
5543
5449
5544
5450
5545
5451
5546
5452
5547
5453
5548
5454
5549
5455
5550
5456
5551
5457
5552
5458
5553
5459
5554
5460
5555
5461
5556
5462
5557
5463
5558
5464
5559
5465
5560
5466
5561
5467
5562
5468
5563
5469
5564
5470
5565
5471
5566
5567
5473
5568
5474
5569
5475
5570
5476
5571
5477
5572
5478
5573
5479
5574
5480
5575
5481
5576
5482
5577
5483
5578
5484
5579
5485
5580
5486
5581
5487
5582
5488
5583
5489
5584
5490
5585
5491
5586
5492
5587
5493
5588
5494
5589
5495
5590
5496
5591
5497
5592
5498
5593
5499
5594
5500
5595
5501
5596
5502
5597
5503
5598
5504
5599
5505
5600
5506
5601
5507
5602
5508
5603
5509
5604
5510
5605
5511
5606
5512
5607
5513
5608
5514
5609
5515
5610
5516
5611
5517
5612
5518
5613
5519
5614
5520
5615
5521
5616
5522
5617
5523
5618
5524
5619
5525
5620
5526
5621
5527
5622
5528
5623
5529
5624
5530
5625
5531
5626
5532
5627
5533
5628
5534
5629
5535
5630
5536
5631
5537
5632
5538
5633
5539
5634
5540
5635
5541
5636
5542
5637
5543
5638
5544
5639
5545
5640
5546
5641
5547
5642
5548
5643
5549
5644
5550
5645
5551
5646
5552
5647
5553
5648
5554
5649
5555
5650
5556
5651
5557
5652
5558
5653
5559
5654
5560
5655
5561
5656
5562
5657
5563
5658
5564
5659
5565
5660
5566
5661
5567
5662
5663
5569
5664
5570
5665
5571
5666
5572
5667
5573
5668
5574
5669
5575
5670
5576
5671
5577
5672
5578
5673
5579
5674
5580
5675
5581
5676
5582
5677
5583
5678
5584
5679
5585
5680
5586
5681
5587
5682
5588
5683
5589
5684
5590
5685
5591
5686
5592
5687
5593
5688
5594
5689
5595
5690
5596
5691
5597
5692
5598
5693
5599
5694
5600
5695
5601
5696
5602
5697
5603
5698
5604
5699
5605
5700
5606
5701
5607
5702
5608
5703
5609
5704
5610
5705
5611
5706
5612
5707
5613
5708
5614
5709
5615
5710
5616
5711
5617
5712
5618
5713
5619
5714
5620
5715
5621
5716
5622
5717
5623
5718
5624
5719
5625
5720
5626
5721
5627
5722
5628
5723
5629
5724
5630
5725
5631
5726
5632
5727
5633
5728
5634
5729
5635
5730
5636
5731
5637
5732
5638
5733
5639
5734
5640
5735
5641
5736
5642
5737
5643
5738
5644
5739
5645
5740
5646
5741
5647
5742
5648
5743
5649
5744
5650
5745
5651
5746
5652
5747
5653
5748
5654
5749
5655
5750
5656
5751
5657
5752
5658
5753
5659
5754
5660
5755
5661
5756
5662
5757
5663
5758
5759
5665
5760
5666
5761
5667
5762
5668
5763
5669
5764
5670
5765
5671
5766
5672
5767
5673
5768
5674
5769
5675
5770
5676
5771
5677
5772
5678
5773
5679
5774
5680
5775
5681
5776
5682
5777
5683
5778
5684
5779
5685
5780
5686
5781
5687
5782
5688
5783
5689
5784
5690
5785
5691
5786
5692
5787
5693
5788
5694
5789
5695
5790
5696
5791
5697
5792
5698
5793
5699
5794
5700
5795
5701
5796
5702
5797
5703
5798
5704
5799
5705
5800
5706
5801
5707
5802
5708
5803
5709
5804
5710
5805
5711
5806
5712
5807
5713
5808
5714
5809
5715
5810
5716
5811
5717
5812
5718
5813
5719
5814
5720
5815
5721
5816
5722
5817
5723
5818
5724
5819
5725
5820
5726
5821
5727
5822
5728
5823
5729
5824
5730
5825
5731
5826
5732
5827
5733
5828
5734
5829
5735
5830
5736
5831
5737
5832
5738
5833
5739
5834
5740
5835
5741
5836
5742
5837
5743
5838
5744
5839
5745
5840
5746
5841
5747
5842
5748
5843
5749
5844
5750
5845
5751
5846
5752
5847
5753
5848
5754
5849
5755
5850
5756
5851
5757
5852
5758
5853
5759
5854
5855
5761
5856
5762
5857
5763
5858
5764
5859
5765
5860
5766
5861
5767
5862
5768
5863
5769
5864
5770
5865
5771
5866
5772
5867
5773
5868
5774
5869
5775
5870
5776
5871
5777
5872
5778
5873
5779
5874
5780
5875
5781
5876
5782
5877
5783
5878
5784
5879
5785
5880
5786
5881
5787
5882
5788
5883
5789
5884
5790
5885
5791
5886
5792
5887
5793
5888
5794
5889
5795
5890
5796
5891
5797
5892
5798
5893
5799
5894
5800
5895
5801
5896
5802
5897
5803
5898
5804
5899
5805
5900
5806
5901
5807
5902
5808
5903
5809
5904
5810
5905
5811
5906
5812
5907
5813
5908
5814
5909
5815
5910
5816
5911
5817
5912
5818
5913
5819
5914
5820
5915
5821
5916
5822
5917
5823
5918
5824
5919
5825
5920
5826
5921
5827
5922
5828
5923
5829
5924
5830
5925
5831
5926
5832
5927
5833
5928
5834
5929
5835
5930
5836
5931
5837
5932
5838
5933
5839
5934
5840
5935
5841
5936
5842
5937
5843
5938
5844
5939
5845
5940
5846
5941
5847
5942
5848
5943
5849
5944
5850
5945
5851
5946
5852
5947
5853
5948
5854
5949
5855
5950
5951
5857
5952
5858
5953
5859
5954
5860
5955
5861
5956
5862
5957
5863
5958
5864
5959
5865
5960
5866
5961
5867
5962
5868
5963
5869
5964
5870
5965
5871
5966
5872
5967
5873
5968
5874
5969
5875
5970
5876
5971
5877
5972
5878
5973
5879
5974
5880
5975
5881
5976
5882
5977
5883
5978
5884
5979
5885
5980
5886
5981
5887
5982
5888
5983
5889
5984
5890
5985
5891
5986
5892
5987
5893
5988
5894
5989
5895
5990
5896
5991
5897
5992
5898
5993
5899
5994
5900
5995
5901
5996
5902
5997
5903
5998
5904
5999
5905
6000
5906
6001
5907
6002
5908
6003
5909
6004
5910
6005
5911
6006
5912
6007
5913
6008
5914
6009
5915
6010
5916
6011
5917
6012
5918
6013
5919
6014
5920
6015
5921
6016
5922
6017
5923
6018
5924
6019
5925
6020
5926
6021
5927
6022
5928
6023
5929
6024
5930
6025
5931
6026
5932
6027
5933
6028
5934
6029
5935
6030
5936
6031
5937
6032
5938
6033
5939
6034
5940
6035
5941
6036
5942
6037
5943
6038
5944
6039
5945
6040
5946
6041
5947
6042
5948
6043
5949
6044
5950
6045
5951
6046
6047
5953
6048
5954
6049
5955
6050
5956
6051
5957
6052
5958
6053
5959
6054
5960
6055
5961
6056
5962
6057
5963
6058
5964
6059
5965
6060
5966
6061
5967
6062
5968
6063
5969
6064
5970
6065
5971
6066
5972
6067
5973
6068
5974
6069
5975
6070
5976
6071
5977
6072
5978
6073
5979
6074
5980
6075
5981
6076
5982
6077
5983
6078
5984
6079
5985
6080
5986
6081
5987
6082
5988
6083
5989
6084
5990
6085
5991
6086
5992
6087
5993
6088
5994
6089
5995
6090
5996
6091
5997
6092
5998
6093
5999
6094
6000
6095
6001
6096
6002
6097
6003
6098
6004
6099
6005
6100
6006
6101
6007
6102
6008
6103
6009
6104
6010
6105
6011
6106
6012
6107
6013
6108
6014
6109
6015
6110
6016
6111
6017
6112
6018
6113
6019
6114
6020
6115
6021
6116
6022
6117
6023
6118
6024
6119
6025
6120
6026
6121
6027
6122
6028
6123
6029
6124
6030
6125
6031
6126
6032
6127
6033
6128
6034
6129
6035
6130
6036
6131
6037
6132
6038
6133
6039
6134
6040
6135
6041
6136
6042
6137
6043
6138
6044
6139
6045
6140
6046
6141
6047
6142
6143
6049
6050
6051
6052
6053
6054
6055
6056
6057
6058
6059
6060
6061
6062
6063
6064
6065
6066
6067
6068
6069
6070
6071
6072
6073
6074
6075
6076
6077
6078
6079
6080
6081
6082
6083
6084
6085
6086
6087
6088
6089
6090
6091
6092
6093
6094
6095
6096
6097
6098
6099
6100
6101
6102
6103
6104
6105
6106
6107
6108
6109
6110
6111
6112
6113
6114
6115
6116
6117
6118
6119
6120
6121
6122
6123
6124
6125
6126
6127
6128
6129
6130
6131
6132
6133
6134
6135
6136
6137
6138
6139
6140
6141
6142
6143
-1
-1
-1
-1
-1
-1
-1
-1
-1
-1
-1
-1
-1
-1
-1
-1
-1
-1
-1
-1
-1
-1
-1
-1
-1
-1
-1
-1
-1
-1
-1
-1
-1
-1
-1
-1
-1
-1
-1
-1
-1
-1
-1
-1
-1
-1
-1
-1
-1
-1
-1
-1
-1
-1
-1
-1
-1
-1
-1
-1
-1
-1
-1
-1
-1
-1
-1
-1
-1
-1
-1
-1
-1
-1
-1
-1
-1
-1
-1
-1
-1
-1
-1
-1
-1
-1
-1
-1
-1
-1
-1
-1
-1
-1
-1
-1
-1
-1
-1
-1
-1
-1
-1
-1
-1
-1
-1
-1
-1
-1
-1
-1
-1
-1
-1
-1
-1
-1
-1
-1
-1
-1
-1
-1
-1
-1
-1
-1
-1
-1
-1
-1
-1
-1
-1
-1
-1
-1
-1
-1
-1
-1
-1
-1
-1
-1
-1
-1
-1
-1
-1
-1
-1
-1
-1
-1
-1
-1
-1
-1
-1
-1
-1
-1
-1
-1
-1
-1
-1
-1
-1
-1
-1
-1
-1
-1
-1
-1
-1
-1
-1
-1
-1
-1
-1
-1
-1
-1
-1
-1
-1
-1
-1
-1
-1
-1
-1
-1
-1
-1
-1
-1
-1
-1
-1
-1
-1
-1
-1
-1
-1
-1
-1
-1
-1
-1
-1
-1
-1
-1
-1
-1
-1
-1
-1
-1
-1
-1
-1
-1
-1
-1
-1
-1
-1
-1
-1
-1
-1
-1
-1
-1
-1
-1
-1
-1
-1
-1
-1
-1
-1
-1
-1
-1
-1
-1
-1
-1
-1
-1
-1
-1
-1
-1
-1
-1
-1
-1
-1
-1
-1
-1
-1
-1
-1
-1
-1
-1
-1
-1
-1
-1
-1
-1
-1
-1
-1
-1
-1
-1
-1
-1
-1
-1
-1
-1
-1
-1
-1
-1
-1
-1
-1
-1
-1
-1
-1
-1
-1
-1
-1
-1
-1
-1
-1
-1
-1
-1
-1
-1
-1
-1
-1
-1
-1
-1
-1
-1
-1
-1
-1
-1
-1
-1
-1
-1
-1
-1
-1
-1
-1
-1
-1
-1
-1
-1
-1
-1
-1
-1
-1
-1
-1
-1
-1
-1
-1
-1
-1
-1
-1
-1
-1
-1
-1
-1
-1
-1
-1
-1
-1
-1
-1
-1
-1
-1
-1
-1
-1
-1
-1
-1
-1
-1
-1
-1
-1
-1
-1
-1
-1
-1
-1
-1
-1
-1
-1
-1
-1
-1
-1
-1
-1
-1
-1
-1
-1
-1
-1
-1
-1
-1
-1
-1
-1
-1
-1
-1
-1
-1
-1
-1
-1
-1
-1
-1
-1
-1
-1
-1
-1
-1
-1
-1
-1
-1
-1
-1
-1
-1
-1
-1
-1
-1
-1
-1
-1
-1
-1
-1
-1
-1
-1
-1
-1
-1
-1
-1
-1
-1
-1
-1
-1
-1
-1
-1
-1
-1
-1
-1
-1
-1
-1
-1
-1
-1
-1
-1
-1
-1
-1
-1
-1
-1
-1
-1
-1
-1
-1
-1
-1
-1
-1
-1
-1
-1
-1
-1
-1
-1
-1
-1
-1
-1
-1
-1
-1
-1
-1
-1
-1
-1
-1
-1
-1
-1
-1
-1
-1
-1
-1
-1
-1
-1
-1
-1
-1
-1
-1
-1
-1
-1
-1
-1
-1
-1
-1
-1
-1
-1
-1
-1
-1
-1
-1
-1
-1
-1
-1
-1
-1
-1
-1
-1
-1
-1
-1
-1
-1
-1
-1
-1
-1
-1
-1
-1
-1
-1
-1
-1
-1
-1
-1
-1
-1
-1
-1
-1
-1
-1
-1
-1
-1
-1
-1
-1
-1
-1
-1
-1
-1
-1
-1
-1
-1
-1
-1
-1
-1
-1
-1
-1
-1
-1
-1
-1
-1
-1
-1
-1
-1
-1
-1
-1
-1
-1
-1
-1
-1
-1
-1
-1
-1
-1
-1
-1
-1
-1
-1
-1
-1
-1
-1
-1
-1
-1
-1
-1
-1
-1
-1
-1
-1
-1
-1
-1
-1
-1
-1
-1
-1
-1
-1
-1
-1
-1
-1
-1
-1
-1
-1
-1
-1
-1
-1
-1
-1
-1
-1
-1
-1
-1
-1
-1
-1
-1
-1
-1
-1
-1
-1
-1
-1
-1
-1
-1
-1
-1
-1
-1
-1
-1
-1
-1
-1
-1
-1
-1
-1
-1
-1
-1
-1
-1
-1
-1
-1
-1
-1
-1
-1
-1
-1
-1
-1
-1
-1
-1
-1
-1
-1
-1
-1
-1
-1
-1
-1
-1
-1
-1
-1
-1
-1
-1
-1
-1
-1
-1
-1
-1
-1
-1
-1
-1
-1
-1
-1
-1
-1
-1
-1
-1
-1
-1
-1
-1
-1
-1
-1
-1
-1
-1
-1
-1
-1
-1
-1
-1
-1
-1
-1
-1
-1
-1
-1
-1
-1
-1
-1
-1
-1
-1
-1
-1
-1
-1
-1
-1
-1
-1
-1
-1
-1
-1
-1
-1
-1
-1
-1
-1
-1
-1
-1
-1
-1
-1
-1
-1
-1
-1
-1
-1
-1
-1
-1
-1
-1
-1
-1
-1
-1
-1
-1
-1
-1
-1
-1
-1
-1
-1
-1
-1
-1
-1
-1
-1
-1
-1
-1
-1
-1
-1
-1
-1
-1
-1
-1
-1
-1
-1
-1
-1
-1
-1
-1
-1
-1
-1
-1
-1
-1
-1
-1
-1
-1
-1
-1
-1
-1
-1
-1
-1
-1
-1
-1
-1
-1
-1
-1
-1
-1
-1
-1
-1
-1
-1
-1
-1
-1
-1
-1
-1
-1
-1
-1
-1
-1
-1
-1
-1
-1
-1
-1
-1
-1
-1
-1
-1
-1
-1
-1
-1
-1
-1
-1
-1
-1
-1
-1
-1
-1
-1
-1
-1
-1
-1
-1
-1
-1
-1
-1
-1
-1
-1
-1
-1
-1
-1
-1
-1
-1
-1
-1
-1
-1
-1
-1
-1
-1
-1
-1
-1
-1
-1
-1
-1
-1
-1
-1
-1
-1
-1
-1
-1
-1
-1
-1
-1
-1
-1
-1
-1
-1
-1
-1
-1
-1
-1
-1
-1
-1
-1
-1
-1
-1
-1
-1
-1
-1
-1
-1
-1
-1
-1
-1
-1
-1
-1
-1
-1
-1
-1
-1
-1
-1
-1
-1
-1
-1
-1
-1
-1
-1
-1
-1
-1
-1
-1
-1
-1
-1
-1
-1
-1
-1
-1
-1
-1
-1
-1
-1
-1
-1
-1
-1
-1
-1
-1
-1
-1
-1
-1
-1
-1
-1
-1
-1
-1
-1
-1
-1
-1
-1
-1
-1
-1
-1
-1
-1
-1
-1
-1
-1
-1
-1
-1
-1
-1
-1
-1
-1
-1
-1
-1
-1
-1
-1
-1
-1
-1
-1
-1
-1
-1
-1
-1
-1
-1
-1
-1
-1
-1
-1
-1
-1
-1
-1
-1
-1
-1
-1
-1
-1
-1
-1
-1
-1
-1
-1
-1
-1
-1
-1
-1
-1
-1
-1
-1
-1
-1
-1
-1
-1
-1
-1
-1
-1
-1
-1
-1
-1
-1
-1
-1
-1
-1
-1
-1
-1
-1
-1
-1
-1
-1
-1
-1
-1
-1
-1
-1
-1
-1
-1
-1
-1
-1
-1
-1
-1
-1
-1
-1
-1
-1
-1
-1
-1
-1
-1
-1
-1
-1
-1
-1
-1
-1
-1
-1
-1
-1
-1
-1
-1
-1
-1
-1
-1
-1
-1
-1
-1
-1
-1
-1
-1
-1
-1
-1
-1
-1
-1
-1
-1
-1
-1
-1
-1
-1
-1
-1
-1
-1
-1
-1
-1
-1
-1
-1
-1
-1
-1
-1
-1
-1
-1
-1
-1
-1
-1
-1
-1
-1
-1
-1
-1
-1
-1
-1
-1
-1
-1
-1
-1
-1
-1
-1
-1
-1
-1
-1
-1
-1
-1
-1
-1
-1
-1
-1
-1
-1
-1
-1
-1
-1
-1
-1
-1
-1
-1
-1
-1
-1
-1
-1
-1
-1
-1
-1
-1
-1
-1
-1
-1
-1
-1
-1
-1
-1
-1
-1
-1
-1
-1
-1
-1
-1
-1
-1
-1
-1
-1
-1
-1
-1
-1
-1
-1
-1
-1
-1
-1
-1
-1
-1
-1
-1
-1
-1
-1
-1
-1
-1
-1
-1
-1
-1
-1
-1
-1
-1
-1
-1
-1
-1
-1
-1
-1
-1
-1
-1
-1
-1
-1
-1
-1
-1
-1
-1
-1
-1
-1
-1
-1
-1
-1
-1
-1
-1
-1
-1
-1
-1
-1
-1
-1
-1
-1
-1
-1
-1
-1
-1
-1
-1
-1
-1
-1
-1
-1
-1
-1
-1
-1
-1
-1
-1
-1
-1
-1
-1
-1
-1
-1
-1
-1
-1
-1
-1
-1
-1
-1
-1
-1
-1
-1
-1
-1
-1
-1
-1
-1
-1
-1
-1
-1
-1
-1
-1
-1
-1
-1
-1
-1
-1
-1
-1
-1
-1
-1
-1
-1
-1
-1
-1
-1
-1
-1
-1
-1
-1
-1
-1
-1
-1
-1
-1
-1
-1
-1
-1
-1
-1
-1
-1
-1
-1
-1
-1
-1
-1
-1
-1
-1
-1
-1
-1
-1
-1
-1
-1
-1
-1
-1
-1
-1
-1
-1
-1
-1
-1
-1
-1
-1
-1
-1
-1
-1
-1
-1
-1
-1
-1
-1
-1
-1
-1
-1
-1
-1
-1
-1
-1
-1
-1
-1
-1
-1
-1
-1
-1
-1
-1
-1
-1
-1
-1
-1
-1
-1
-1
-1
-1
-1
-1
-1
-1
-1
-1
-1
-1
-1
-1
-1
-1
-1
-1
-1
-1
-1
-1
-1
-1
-1
-1
-1
-1
-1
-1
-1
-1
-1
-1
-1
-1
-1
-1
-1
-1
-1
-1
-1
-1
-1
-1
-1
-1
-1
-1
-1
-1
-1
-1
-1
-1
-1
-1
-1
-1
-1
-1
-1
-1
-1
-1
-1
-1
-1
-1
-1
-1
-1
-1
-1
-1
-1
-1
-1
-1
-1
-1
-1
-1
-1
-1
-1
-1
-1
-1
-1
-1
-1
-1
-1
-1
-1
-1
-1
-1
-1
-1
-1
-1
-1
-1
-1
-1
-1
-1
-1
-1
-1
-1
-1
-1
-1
-1
-1
-1
-1
-1
-1
-1
-1
-1
-1
-1
-1
-1
-1
-1
-1
-1
-1
-1
-1
-1
-1
-1
-1
-1
-1
-1
-1
-1
-1
-1
-1
-1
-1
-1
-1
-1
-1
-1
-1
-1
-1
-1
-1
-1
-1
-1
-1
-1
-1
-1
-1
-1
-1
-1
-1
-1
-1
-1
-1
-1
-1
-1
-1
-1
-1
-1
-1
-1
-1
-1
-1
-1
-1
-1
-1
-1
-1
-1
-1
-1
-1
-1
-1
-1
-1
-1
-1
-1
-1
-1
-1
-1
-1
-1
-1
-1
-1
-1
-1
-1
-1
-1
-1
-1
-1
-1
-1
-1
-1
-1
-1
-1
-1
-1
-1
-1
-1
-1
-1
-1
-1
-1
-1
-1
-1
-1
-1
-1
-1
-1
-1
-1
-1
-1
-1
-1
-1
-1
-1
-1
-1
-1
-1
-1
-1
-1
-1
-1
-1
-1
-1
-1
-1
-1
-1
-1
-1
-1
-1
-1
-1
-1
-1
-1
-1
-1
-1
-1
-1
-1
-1
-1
-1
-1
-1
-1
-1
-1
-1
-1
-1
-1
-1
-1
-1
-1
-1
-1
-1
-1
-1
-1
-1
-1
-1
-1
-1
-1
-1
-1
-1
-1
-1
-1
-1
-1
-1
-1
-1
-1
-1
-1
-1
-1
-1
-1
-1
-1
-1
-1
-1
-1
-1
-1
-1
-1
-1
-1
-1
-1
-1
-1
-1
-1
-1
-1
-1
-1
-1
-1
-1
-1
-1
-1
-1
-1
-1
-1
-1
-1
-1
-1
-1
-1
-1
-1
-1
-1
-1
-1
-1
-1
-1
-1
-1
-1
-1
-1
-1
-1
-1
-1
-1
-1
-1
-1
-1
-1
-1
-1
-1
-1
-1
-1
-1
-1
-1
-1
-1
-1
-1
-1
-1
-1
-1
-1
-1
-1
-1
-1
-1
-1
-1
-1
-1
-1
-1
-1
-1
-1
-1
-1
-1
-1
-1
-1
-1
-1
-1
-1
-1
-1
-1
-1
-1
-1
-1
-1
-1
-1
-1
-1
-1
-1
-1
-1
-1
-1
-1
-1
-1
-1
-1
-1
-1
-1
-1
-1
-1
-1
-1
-1
-1
-1
-1
-1
-1
-1
-1
-1
-1
-1
-1
-1
-1
-1
-1
-1
-1
-1
-1
-1
-1
-1
-1
-1
-1
-1
-1
-1
-1
-1
-1
-1
-1
-1
-1
-1
-1
-1
-1
-1
-1
-1
-1
-1
-1
-1
-1
-1
-1
-1
-1
-1
-1
-1
-1
-1
-1
-1
-1
-1
-1
-1
-1
-1
-1
-1
-1
-1
-1
-1
-1
-1
-1
-1
-1
-1
-1
-1
-1
-1
-1
-1
-1
-1
-1
-1
-1
-1
-1
-1
-1
-1
-1
-1
-1
-1
-1
-1
-1
-1
-1
-1
-1
-1
-1
-1
-1
-1
-1
-1
-1
-1
-1
-1
-1
-1
-1
-1
-1
-1
-1
-1
-1
-1
-1
-1
-1
-1
-1
-1
-1
-1
-1
-1
-1
-1
-1
-1
-1
-1
-1
-1
-1
-1
-1
-1
-1
-1
-1
-1
-1
-1
-1
-1
-1
-1
-1
-1
-1
-1
-1
-1
-1
-1
-1
-1
-1
-1
-1
-1
-1
-1
-1
-1
-1
-1
-1
-1
-1
-1
-1
-1
-1
-1
-1
-1
-1
-1
-1
-1
-1
-1
-1
-1
-1
-1
-1
-1
-1
-1
-1
-1
-1
-1
-1
-1
-1
-1
-1
-1
-1
-1
-1
-1
-1
-1
-1
-1
-1
-1
-1
-1
-1
-1
-1
-1
-1
-1
-1
-1
-1
-1
-1
-1
-1
-1
-1
-1
-1
-1
-1
-1
-1
-1
-1
-1
-1
-1
-1
-1
-1
-1
-1
-1
-1
-1
-1
-1
-1
-1
-1
-1
-1
-1
-1
-1
-1
-1
-1
-1
-1
-1
-1
-1
-1
-1
-1
-1
-1
-1
-1
-1
-1
-1
-1
-1
-1
-1
-1
-1
-1
-1
-1
-1
-1
-1
-1
-1
-1
-1
-1
-1
-1
-1
-1
-1
-1
-1
-1
-1
-1
-1
-1
-1
-1
-1
-1
-1
-1
-1
-1
-1
-1
-1
-1
-1
-1
-1
-1
-1
-1
-1
-1
-1
-1
-1
-1
-1
-1
-1
-1
-1
-1
-1
-1
-1
-1
-1
-1
-1
-1
-1
-1
-1
-1
-1
-1
-1
-1
-1
-1
-1
-1
-1
-1
-1
-1
-1
-1
-1
-1
-1
-1
-1
-1
-1
-1
-1
-1
-1
-1
-1
-1
-1
-1
-1
-1
-1
-1
-1
-1
-1
-1
-1
-1
-1
-1
-1
-1
-1
-1
-1
-1
-1
-1
-1
-1
-1
-1
-1
-1
-1
-1
-1
-1
-1
-1
-1
-1
-1
-1
-1
-1
-1
-1
-1
-1
-1
-1
-1
-1
-1
-1
-1
-1
-1
-1
-1
-1
-1
-1
-1
-1
-1
-1
-1
-1
-1
-1
-1
-1
-1
-1
-1
-1
-1
-1
-1
-1
-1
-1
-1
-1
-1
-1
-1
-1
-1
-1
-1
-1
-1
-1
-1
-1
-1
-1
-1
-1
-1
-1
-1
-1
-1
-1
-1
-1
-1
-1
-1
-1
-1
-1
-1
-1
-1
-1
-1
-1
-1
-1
-1
-1
-1
-1
-1
-1
-1
-1
-1
-1
-1
-1
-1
-1
-1
-1
-1
-1
-1
-1
-1
-1
-1
-1
-1
-1
-1
-1
-1
-1
-1
-1
-1
-1
-1
-1
-1
-1
-1
-1
-1
-1
-1
-1
-1
-1
-1
-1
-1
-1
-1
-1
-1
-1
-1
-1
-1
-1
-1
-1
-1
-1
-1
-1
-1
-1
-1
-1
-1
-1
-1
-1
-1
-1
-1
-1
-1
-1
-1
-1
-1
-1
-1
-1
-1
-1
-1
-1
-1
-1
-1
-1
-1
-1
-1
-1
-1
-1
-1
-1
-1
-1
-1
-1
-1
-1
-1
-1
-1
-1
-1
-1
-1
-1
-1
-1
-1
-1
-1
-1
-1
-1
-1
-1
-1
-1
-1
-1
-1
-1
-1
-1
-1
-1
-1
-1
-1
-1
-1
-1
-1
-1
-1
-1
-1
-1
-1
-1
-1
-1
-1
-1
-1
-1
-1
-1
-1
-1
-1
-1
-1
-1
-1
-1
-1
-1
-1
-1
-1
-1
-1
-1
-1
-1
-1
-1
-1
-1
-1
-1
-1
-1
-1
-1
-1
-1
-1
-1
-1
-1
-1
-1
-1
-1
-1
-1
-1
-1
-1
-1
-1
-1
-1
-1
-1
-1
-1
-1
-1
-1
-1
-1
-1
-1
-1
-1
-1
-1
-1
-1
-1
-1
-1
-1
-1
-1
-1
-1
-1
-1
-1
-1
-1
-1
-1
-1
-1
-1
-1
-1
-1
-1
-1
-1
-1
-1
-1
-1
-1
-1
-1
-1
-1
-1
-1
-1
-1
-1
-1
-1
-1
-1
-1
-1
-1
-1
-1
-1
-1
-1
-1
-1
-1
-1
-1
-1
-1
-1
-1
-1
-1
-1
-1
-1
-1
-1
-1
-1
-1
-1
-1
-1
-1
-1
-1
-1
-1
-1
-1
-1
-1
-1
-1
-1
-1
-1
-1
-1
-1
-1
-1
-1
-1
-1
-1
-1
-1
-1
-1
-1
-1
-1
-1
-1
-1
-1
-1
-1
-1
-1
-1
-1
-1
-1
-1
-1
-1
-1
-1
-1
-1
-1
-1
-1
-1
-1
-1
-1
-1
-1
-1
-1
-1
-1
-1
-1
-1
-1
-1
-1
-1
-1
-1
-1
-1
-1
-1
-1
-1
-1
-1
-1
-1
-1
-1
-1
-1
-1
-1
-1
-1
-1
-1
-1
-1
-1
-1
-1
-1
-1
-1
-1
-1
-1
-1
-1
-1
-1
-1
-1
-1
-1
-1
-1
-1
-1
-1
-1
-1
-1
-1
-1
-1
-1
-1
-1
-1
-1
-1
-1
-1
-1
-1
-1
-1
-1
-1
-1
-1
-1
-1
-1
-1
-1
-1
-1
-1
-1
-1
-1
-1
-1
-1
-1
-1
-1
-1
-1
-1
-1
-1
-1
-1
-1
-1
-1
-1
-1
-1
-1
-1
-1
-1
-1
-1
-1
-1
-1
-1
-1
-1
-1
-1
-1
-1
-1
-1
-1
-1
-1
-1
-1
-1
-1
-1
-1
-1
-1
-1
-1
-1
-1
-1
-1
-1
-1
-1
-1
-1
-1
-1
-1
-1
-1
-1
-1
-1
-1
-1
-1
-1
-1
-1
-1
-1
-1
-1
-1
-1
-1
-1
-1
-1
-1
-1
-1
-1
-1
-1
-1
-1
-1
-1
-1
-1
-1
-1
-1
-1
-1
-1
-1
-1
-1
-1
-1
-1
-1
-1
-1
-1
-1
-1
-1
-1
-1
-1
-1
-1
-1
-1
-1
-1
-1
-1
-1
-1
-1
-1
-1
-1
-1
-1
-1
-1
-1
-1
-1
-1
-1
-1
-1
-1
-1
-1
-1
-1
-1
-1
-1
-1
-1
-1
-1
-1
-1
-1
-1
-1
-1
-1
-1
-1
-1
-1
-1
-1
-1
-1
-1
-1
-1
-1
-1
-1
-1
-1
-1
-1
-1
-1
-1
-1
-1
-1
-1
-1
-1
-1
-1
-1
-1
-1
-1
-1
-1
-1
-1
-1
-1
-1
-1
-1
-1
-1
-1
-1
-1
-1
-1
-1
-1
-1
-1
-1
-1
-1
-1
-1
-1
-1
-1
-1
-1
-1
-1
-1
-1
-1
-1
-1
-1
-1
-1
-1
-1
-1
-1
-1
-1
-1
-1
-1
-1
-1
-1
-1
-1
-1
-1
-1
-1
-1
-1
-1
-1
-1
-1
-1
-1
-1
-1
-1
-1
-1
-1
-1
-1
-1
-1
-1
-1
-1
-1
-1
-1
-1
-1
-1
-1
-1
-1
-1
-1
-1
-1
-1
-1
-1
-1
-1
-1
-1
-1
-1
-1
-1
-1
-1
-1
-1
-1
-1
-1
-1
-1
-1
-1
-1
-1
-1
-1
-1
-1
-1
-1
-1
-1
-1
-1
-1
-1
-1
-1
-1
-1
-1
-1
-1
-1
-1
-1
-1
-1
-1
-1
-1
-1
-1
-1
-1
-1
-1
-1
-1
-1
-1
-1
-1
-1
-1
-1
-1
-1
-1
-1
-1
-1
-1
-1
-1
-1
-1
-1
-1
-1
-1
-1
-1
-1
-1
-1
-1
-1
-1
-1
-1
-1
-1
-1
-1
-1
-1
-1
-1
-1
-1
-1
-1
-1
-1
-1
-1
-1
-1
-1
-1
-1
-1
-1
-1
-1
-1
-1
-1
-1
-1
-1
-1
-1
-1
-1
-1
-1
-1
-1
-1
-1
-1
-1
-1
-1
-1
-1
-1
-1
-1
-1
-1
-1
-1
-1
-1
-1
-1
-1
-1
-1
-1
-1
-1
-1
-1
-1
-1
-1
-1
-1
-1
-1
-1
-1
-1
-1
-1
-1
-1
-1
-1
-1
-1
-1
-1
-1
-1
-1
-1
-1
-1
-1
-1
-1
-1
-1
-1
-1
-1
-1
-1
-1
-1
-1
-1
-1
-1
-1
-1
-1
-1
-1
-1
-1
-1
-1
-1
-1
-1
-1
-1
-1
-1
-1
-1
-1
-1
-1
-1
-1
-1
-1
-1
-1
-1
-1
-1
-1
-1
-1
-1
-1
-1
-1
-1
-1
-1
-1
-1
-1
-1
-1
-1
-1
-1
-1
-1
-1
-1
-1
-1
-1
-1
-1
-1
-1
-1
-1
-1
-1
-1
-1
-1
-1
-1
-1
-1
-1
-1
-1
-1
-1
-1
-1
-1
-1
-1
-1
-1
-1
-1
-1
-1
-1
-1
-1
-1
-1
-1
-1
-1
-1
-1
-1
-1
-1
-1
-1
-1
-1
-1
-1
-1
-1
-1
-1
-1
-1
-1
-1
-1
-1
-1
-1
-1
-1
-1
-1
-1
-1
-1
-1
-1
-1
-1
-1
-1
-1
-1
-1
-1
-1
-1
-1
-1
-1
-1
-1
-1
-1
-1
-1
-1
-1
-1
-1
-1
-1
-1
-1
-1
-1
-1
-1
-1
-1
-1
-1
-1
-1
-1
-1
-1
-1
-1
-1
-1
-1
-1
-1
-1
-1
-1
-1
-1
-1
-1
-1
-1
-1
-1
-1
-1
-1
-1
-1
-1
-1
-1
-1
-1
-1
-1
-1
-1
-1
-1
-1
-1
-1
-1
-1
-1
-1
-1
-1
-1
-1
-1
-1
-1
-1
-1
-1
-1
-1
-1
-1
-1
-1
-1
-1
-1
-1
-1
-1
-1
-1
-1
-1
-1
-1
-1
-1
-1
-1
-1
-1
-1
-1
-1
-1
-1
-1
-1
-1
-1
-1
-1
-1
-1
-1
-1
-1
-1
-1
-1
-1
-1
-1
-1
-1
-1
-1
-1
-1
-1
-1
-1
-1
-1
-1
-1
-1
-1
-1
-1
-1
-1
-1
-1
-1
-1
-1
-1
-1
-1
-1
-1
-1
-1
-1
-1
-1
-1
-1
-1
-1
-1
-1
-1
-1
-1
-1
-1
-1
-1
-1
-1
-1
-1
-1
-1
-1
-1
-1
-1
-1
-1
-1
-1
-1
-1
-1
-1
-1
-1
-1
-1
-1
-1
-1
-1
-1
-1
-1
-1
-1
-1
-1
-1
-1
-1
-1
-1
-1
-1
-1
-1
-1
-1
-1
-1
-1
-1
-1
-1
-1
-1
-1
-1
-1
-1
-1
-1
-1
-1
-1
-1
-1
-1
-1
-1
-1
-1
-1
-1
-1
-1
-1
-1
-1
-1
-1
-1
-1
-1
-1
-1
-1
-1
-1
-1
-1
-1
-1
-1
-1
-1
-1
-1
-1
-1
-1
-1
-1
-1
-1
-1
-1
-1
-1
-1
-1
-1
-1
-1
-1
-1
-1
-1
-1
-1
-1
-1
-1
-1
-1
-1
-1
-1
-1
-1
-1
-1
-1
-1
-1
-1
-1
-1
-1
-1
-1
-1
-1
-1
-1
-1
-1
-1
-1
-1
-1
-1
-1
-1
-1
-1
-1
-1
-1
-1
-1
-1
-1
-1
-1
-1
-1
-1
-1
-1
-1
-1
-1
-1
-1
-1
-1
-1
-1
-1
-1
-1
-1
-1
-1
-1
-1
-1
-1
-1
-1
-1
-1
-1
-1
-1
-1
-1
-1
-1
-1
-1
-1
-1
-1
-1
-1
-1
-1
-1
-1
-1
-1
-1
-1
-1
-1
-1
-1
-1
-1
-1
-1
-1
-1
-1
-1
-1
-1
-1
-1
-1
-1
-1
-1
-1
-1
-1
-1
-1
-1
-1
-1
-1
-1
-1
-1
-1
)


// ************************************************************************* //
